0.0917207 0.970493 -1.4632 -3.55908 
0.362537 0.35586 -0.647563 -1.11557 
0.130895 0.35454 0.221321 -0.159285 
-0.0135714 0.457886 0.798635 0.356862 
0.103664 0.400072 0.517657 0.172464 
0.130735 0.277974 0.238783 0.0144719 
0.15226 0.277393 0.278161 0.0844336 
0.0582346 0.123971 0.141405 0.0190143 
-0.0326161 -0.00612429 0.000476622 -0.0713101 
-0.0356039 -0.00689527 0.0219477 -0.0311926 
-0.0256185 -0.0202043 0.0648659 0.0558834 
-0.104667 -0.151651 -0.0144719 0.0604258 
-0.133535 -0.252965 -0.107439 0.0372897 
