4.21489 3.97298 6.11853 5.78746 
1.39459 0.711346 1.37769 1.70343 
0.102952 0.365978 0.356338 0.0221061 
0.0897454 0.364337 0.402845 0.0728936 
0.183162 0.494332 0.436547 0.0221061 
0.174366 0.486276 0.423659 0.00776536 
0.142753 0.433878 0.415153 0.0370274 
0.0668988 0.164961 0.1928 0.0289725 
0.0368962 -0.0602946 -0.0167943 0.0226579 
-0.0165608 -0.167341 -0.0818201 0.0246908 
-0.0806589 -0.198345 -0.0671611 0.0277825 
-0.118876 -0.242557 -0.033515 0.107701 
-0.930916 -1.49077 -0.594492 0.359794 
