-0.999255 -0.0553875 -0.288745 -0.95208 
-0.664868 0.260468 0.276915 -0.394835 
0.347326 0.125292 0.090937 0.142825 
0.49732 0.404747 0.587675 0.525757 
-0.00783891 0.527977 1.03935 0.643371 
-0.268859 0.24623 0.87462 0.590362 
-0.0860459 0.0552292 0.415631 0.34284 
0.202149 0.296697 0.261892 0.0621964 
0.249611 0.462559 0.374351 0.0635176 
0.133086 0.339459 0.402002 0.173888 
0.00673531 0.352638 0.325118 -0.00499351 
-0.23099 0.290122 0.335815 -0.0715148 
-0.368748 -0.0387692 0.262255 0.112984 
