-0.0909898 -1.04699 -2.08365 -1.56708 
0.104667 0.343523 0.128543 -0.221641 
0.0577099 0.309878 0.131053 -0.205399 
-0.000449444 0.179723 0.0592934 -0.186356 
0.0224244 0.168925 0.0420481 -0.187546 
-0.0117272 0.110922 0.0204954 -0.167181 
0.0779142 0.196445 0.0700177 -0.146265 
0.14901 0.219682 0.094579 -0.0937073 
0.247578 0.328472 0.144101 -0.0960585 
0.24623 0.384803 0.155932 -0.15168 
0.140982 0.303564 0.109819 -0.183873 
0.0779142 0.196445 0.0700177 -0.146265 
0.14901 0.219682 0.094579 -0.0937073 
