0.441877 0.384672 -0.697801 -1.09452 
0.213558 0.386734 -0.285768 -0.746715 
0.158967 0.345482 -0.0771465 -0.472676 
0.201539 0.347645 -0.118005 -0.496684 
0.0793378 0.366267 -0.0149213 -0.460789 
-0.0601635 0.279004 0.176791 -0.205951 
0.0392474 0.267175 0.336396 0.0595829 
0.235401 0.359663 0.351926 0.0878149 
0.402452 0.620945 0.440669 0.00847711 
0.390724 0.65533 0.489396 0.0281008 
0.251382 0.448959 0.412539 0.0813707 
0.211262 0.324537 0.305101 0.0610352 
0.332752 0.430205 0.312417 0.0179843 
