0.0103789 -0.046405 0.158359 0.0983521 
0.164989 0.0813995 -0.138865 -0.311198 
-0.0404086 0.224544 0.111504 -0.282227 
-0.315713 0.399782 0.590333 -0.0287838 
-0.276624 0.356151 0.584759 0.056971 
0.0320627 0.217388 0.340359 0.0999915 
0.300136 0.300821 0.338353 0.168024 
0.311387 0.46459 0.625676 0.365208 
0.275708 0.464621 0.654385 0.386124 
0.213745 0.338718 0.422947 0.191901 
0.138051 0.173888 0.118876 -0.0566799 
-0.0461139 -0.112272 -0.117237 -0.139661 
-0.072313 -0.135539 -0.135699 -0.148748 
