-0.118774 -0.102037 -0.129182 -0.589047 
0.613047 0.413731 -0.472589 -0.589885 
0.221848 0.1222 -0.623802 -0.771014 
-0.174628 0.10892 -0.360274 -0.693228 
-0.173074 -0.00715596 -0.289308 -0.495204 
0.0695123 0.0925173 -0.169533 -0.333464 
0.142724 0.258219 -0.0914872 -0.371072 
0.0916184 0.242397 -0.0421792 -0.304173 
0.0225555 0.132928 -0.0563616 -0.247391 
-0.0749824 -0.0714429 -0.18184 -0.251034 
-0.093389 -0.152071 -0.253546 -0.272429 
-0.0411492 -0.0264902 -0.0595829 -0.120749 
-0.0260679 0.0853325 0.181784 0.106409 
