-0.570721 -0.194092 -1.18403 -1.52015 
-0.211985 -0.380739 -1.54369 -1.54744 
-0.259972 -0.318963 -1.47561 -1.57509 
-0.533533 -0.2045 -1.09196 -1.40701 
-0.54082 -0.134378 -0.688089 -0.994368 
-0.274809 -0.0591334 -0.328499 -0.493592 
-0.228722 -0.23218 -0.206167 -0.135728 
-0.358793 -0.469264 -0.256159 -0.0249067 
-0.427808 -0.566356 -0.359719 -0.0961896 
-0.261892 -0.309136 -0.205952 -0.0918055 
-0.289045 -0.362756 -0.221537 -0.0626746 
-0.321897 -0.421248 -0.239018 -0.0547781 
-0.342896 -0.452922 -0.196631 0.00670651 
