0.462086 -0.664745 -6.46391 -7.22926 
-0.418704 -0.0308678 -3.19303 -4.21808 
-0.687734 0.3323 -2.52218 -3.81517 
-0.301787 0.0245596 -3.31967 -4.248 
-0.181618 -0.297785 -3.35554 -3.89075 
0.026215 -0.0601923 -2.04893 -2.45129 
0.219105 0.409552 -0.213774 -0.603047 
0.281384 0.563974 0.712199 0.402236 
0.213482 0.417926 0.546235 0.315001 
0.0377679 0.147978 0.376515 0.301241 
-0.0223684 0.0481756 0.24932 0.21588 
-0.0332527 -0.043342 0.0336749 0.0168231 
0.0511058 0.0660287 0.0414675 -0.0739524 
