-4.47429 -6.91384 -4.29043 -0.490299 
-4.11655 -6.67719 -4.41537 -0.625064 
-1.41156 -2.91223 -2.74271 -1.04344 
0.152044 -0.230437 -1.23038 -1.16435 
-0.250801 0.0131507 -0.807517 -1.17013 
-0.396428 0.223805 -0.550067 -1.18405 
-0.257957 0.387286 -0.67549 -1.43608 
0.00786771 0.329313 -0.926495 -1.50711 
0.0113801 0.0317444 -0.673081 -0.829089 
-0.162928 -0.185615 -0.16618 -0.0370562 
-0.280775 -0.264214 0.089136 0.316641 
-0.286189 -0.287481 0.0724441 0.312388 
-0.316641 -0.287481 0.0902972 0.293954 
