0.366745 0.695 0.46713 0.0494951 
-0.013629 0.098512 0.0438938 -0.0330655 
-0.317063 -0.207664 -0.223094 -0.199188 
-0.414628 -0.10686 -0.151024 -0.288193 
-0.539922 -0.182946 -0.206936 -0.37849 
-0.717482 -0.426055 -0.428708 -0.51477 
-0.746219 -0.442777 -0.49244 -0.608159 
-0.725247 -0.400886 -0.404411 -0.518123 
-1.74742 -2.52489 -1.95681 -0.851307 
-3.41955 -6.08536 -4.82972 -1.79772 
-5.01069 -9.42963 -7.62454 -2.75597 
-6.58802 -12.4344 -9.99445 -3.2914 
-10.6457 -19.1767 -14.2811 -3.44303 
