0.0253562 0.143175 0.101182 0.0465633 
-0.0923861 -0.0951596 -0.0803966 0.0118584 
-0.117846 -0.160128 -0.161898 -0.0514992 
-0.170113 -0.203759 -0.150518 -0.0286814 
-0.138631 -0.150621 -0.0549093 0.0603234 
-0.0805278 -0.180492 -0.139081 0.0178531 
-0.0323538 -0.176239 -0.187067 -0.0364468 
-0.762863 -1.50144 -1.02848 -0.163773 
-1.66966 -3.5754 -2.42964 -0.352448 
-2.15605 -5.041 -3.20161 -0.0760317 
-2.19387 -5.15979 -2.75788 0.670599 
-1.83322 -3.91866 -1.68298 1.0496 
-0.958699 -1.85637 -0.589134 0.827692 
