0.0328032 0.1502 0.0357062 -0.0245884 
-0.0323538 0.0721818 0.0633864 0.0446904 
0.0127301 0.125452 0.0933602 0.0368962 
0.0565199 0.201437 0.105697 -0.0127013 
0.143465 0.329792 0.125452 -0.0771177 
0.185775 0.379998 0.185326 -0.0193054 
0.0585528 0.156484 0.133217 0.095609 
-0.0835907 -0.116946 -0.106306 0.00277184 
-0.123129 -0.210626 -0.210204 -0.0489881 
-0.131184 -0.220582 -0.0780742 0.136729 
-0.243616 -0.438233 -0.00634184 0.419406 
-0.312417 -0.656173 -0.164859 0.425981 
-0.409056 -0.645346 -0.0548053 0.507408 
