0.0142096 0.0670588 -0.102184 -0.150171 
0.301851 0.500007 0.16322 -0.135671 
0.224124 0.431816 0.267755 0.0483339 
-0.157805 -0.134218 0.102605 0.29934 
-0.340518 -0.500748 -0.127934 0.340039 
-0.246548 -0.469744 -0.284868 0.160708 
-0.121227 -0.255737 -0.228928 0.0437627 
-0.0333838 -0.099702 -0.116076 0.0443433 
-0.0106972 -0.0878437 -0.0436027 0.137441 
-0.805409 -1.24137 -0.253704 0.77257 
-1.4839 -2.06893 -0.400232 1.12673 
-1.18837 -1.50423 -0.336191 0.654332 
-0.590128 -0.452124 -0.113387 0.0132355 
