0.105697 0.192931 0.102184 0.0345738 
-0.100601 -0.030612 -0.0672171 0.0064442 
-0.470353 -0.448058 -0.293505 0.0287102 
-0.601987 -0.652558 -0.368487 0.0812395 
-0.457361 -0.606604 -0.302169 0.167313 
-0.276101 -0.480993 -0.103027 0.388055 
-0.128702 -0.399202 0.0300026 0.564686 
-0.074533 -0.414254 -0.153524 0.35319 
-0.785814 -1.21588 -0.805484 0.0673211 
-1.89188 -2.40203 -1.44814 0.0860443 
-2.5689 -3.25944 -2.00069 0.0648099 
-4.91026 -7.11259 -4.43335 -0.0777831 
-12.3458 -18.9937 -10.7641 1.2173 
