-0.107917 -0.0923301 0.0684535 0.243485 
-0.0803966 -0.00216407 0.159941 0.323694 
-0.104086 -0.102707 0.0255897 0.214935 
-0.0852302 -0.0936513 0.0350984 0.179518 
-0.116975 -0.0377391 0.141796 0.250192 
-0.275098 -0.432529 -0.275314 -0.0479868 
-0.488872 -1.22601 -1.10475 -0.532623 
-0.605688 -1.72222 -1.5517 -0.691488 
-0.61393 -1.71229 -1.46611 -0.560753 
-0.52722 -1.5192 -1.35146 -0.57145 
-0.50192 -1.38176 -1.18911 -0.446681 
-0.37319 -1.11271 -0.897638 -0.260542 
-0.209389 -0.714437 -0.548586 -0.107251 
