1.38258 0.691289 0.172822 -1.12334 
1.20976 0.617222 0.0246889 -1.13569 
0.864111 0.395022 -0.246889 -1.12334 
0.543156 0.209856 -0.432056 -1.04928 
0.271578 -0.0617222 -0.4444 -0.851767 
0.0493778 -0.3333 -0.506122 -0.740667 
-0.123444 -0.580189 -0.481433 -0.580189 
-0.160478 -0.6666 -0.5555 -0.592533 
-0.123444 -0.678944 -0.530811 -0.592533 
-0.0370333 -0.6666 -0.629567 -0.740667 
-0.0123444 -0.678944 -0.654256 -0.753011 
0.0123444 -0.715978 -0.715978 -0.790044 
-0.135789 -1.37023 -1.54306 -1.39492 
