1.84381 3.00478 1.7153 -0.127803 1.82406 2.99878 1.72906 -0.11053 1.82113 3.02747 1.75175 -0.114043 1.83782 3.04957 1.75116 -0.133217 1.83782 3.04123 1.74575 -0.127803 1.83782 3.04123 1.75116 -0.118876 1.83782 3.04123 1.74575 -0.127803 1.82113 3.01371 1.72906 -0.127803 1.79361 2.96833 1.7153 -0.105116 1.80195 2.98209 1.72364 -0.105116 1.84323 3.05015 1.75116 -0.127803 1.83489 3.03639 1.74282 -0.127803 1.82699 3.01738 1.74034 -0.11053 -0.11053 
1.82113 3.02205 1.74282 -0.119457 1.77736 3.0042 1.78703 -0.0717324 1.74179 2.98077 1.82229 -0.0363156 1.75188 2.88168 1.64663 -0.149328 1.90691 2.91593 1.45637 -0.336265 1.97729 3.04867 1.55852 -0.313128 1.80327 2.95164 1.68117 -0.155192 1.66129 2.86692 1.78616 0.00425296 1.75523 2.91371 1.70251 -0.0836195 1.86315 2.97742 1.5795 -0.248552 1.89534 3.04838 1.60419 -0.291472 1.95611 3.18408 1.76244 -0.224573 1.92447 3.08718 1.65807 -0.283257 -0.283257 
1.69726 2.79354 1.58834 -0.15226 1.72687 2.85155 1.63261 -0.144045 1.82799 3.00037 1.69332 -0.164699 1.89872 3.07825 1.71897 -0.173336 1.87427 2.94871 1.59323 -0.208911 1.79184 2.89705 1.61047 -0.195573 1.70109 2.86089 1.62788 -0.196312 1.71939 2.91506 1.68675 -0.170376 1.86373 3.02863 1.7106 -0.16544 1.97806 3.10226 1.66087 -0.244328 1.97117 3.05131 1.52778 -0.374613 1.916 3.01751 1.52984 -0.376224 1.82374 2.89937 1.49994 -0.326889 -0.326889 
1.7144 2.84449 1.66052 -0.0985408 1.73476 2.8549 1.65897 -0.0847519 1.81365 2.92879 1.70225 -0.067377 1.85567 2.92177 1.59703 -0.19296 1.82419 2.77759 1.38067 -0.345772 1.84484 2.83234 1.5048 -0.218578 1.97497 2.96289 1.55456 -0.190346 2.01522 2.92879 1.36591 -0.371101 2.01393 2.92689 1.31628 -0.464517 2.02869 3.04822 1.44609 -0.462457 2.03297 3.11557 1.5369 -0.429362 1.93707 3.06272 1.63055 -0.287379 1.89814 3.01867 1.65178 -0.20775 -0.20775 
1.71047 2.74144 1.43849 -0.286638 1.67486 2.62462 1.32722 -0.312548 1.71849 2.62008 1.24495 -0.389272 1.77675 2.72578 1.28758 -0.421888 1.82213 2.79967 1.33247 -0.421626 1.79873 2.80234 1.45286 -0.27359 1.86724 2.87346 1.54196 -0.183902 1.95447 2.96099 1.50993 -0.27478 1.91467 2.92309 1.42475 -0.38412 1.90591 3.03491 1.56394 -0.351795 1.91993 3.075 1.57638 -0.38412 1.84178 2.87127 1.37687 -0.46655 1.74659 2.6719 1.23982 -0.474896 -0.474896 
1.90601 2.73835 1.122 -0.568734 1.99092 2.82851 1.18043 -0.542825 1.94977 2.79206 1.22432 -0.455881 1.83956 2.70016 1.24307 -0.395267 1.79928 2.64921 1.20396 -0.423528 1.87014 2.70367 1.17514 -0.483242 1.90556 2.76396 1.15069 -0.544726 1.95609 2.85429 1.26109 -0.477828 1.97671 2.88165 1.32767 -0.428361 1.98596 2.87888 1.27352 -0.503446 1.86676 2.72136 1.15449 -0.539443 1.76915 2.57603 1.08056 -0.515464 1.73751 2.56372 1.13767 -0.45337 -0.45337 
1.72536 2.75004 1.40727 -0.315929 1.72232 2.76354 1.46778 -0.2616 1.67911 2.67248 1.38152 -0.295725 1.66638 2.6457 1.33469 -0.336845 1.67473 2.64218 1.27379 -0.413411 1.71556 2.69809 1.28652 -0.442093 1.70283 2.69239 1.28271 -0.436678 1.63548 2.56314 1.18491 -0.45279 1.71749 2.67045 1.2258 -0.497133 1.90266 2.94852 1.36176 -0.558486 1.85464 2.91678 1.41258 -0.476188 1.66377 2.63239 1.30453 -0.382247 1.64676 2.61979 1.33849 -0.317221 -0.317221 
1.86109 2.71215 1.18394 -0.472413 1.77675 2.61057 1.12245 -0.498163 1.85068 2.76161 1.30189 -0.406705 1.7968 2.7076 1.30981 -0.372131 1.69787 2.52479 1.12229 -0.465257 1.68817 2.49608 1.05172 -0.53638 1.75539 2.61773 1.10883 -0.57708 1.78539 2.71082 1.21523 -0.53638 1.83605 2.7909 1.32035 -0.45337 1.84336 2.76587 1.28755 -0.420596 1.84733 2.76045 1.23005 -0.448537 1.77953 2.66835 1.15858 -0.482661 1.65849 2.56094 1.23063 -0.363785 -0.363785 
1.87923 2.79029 1.27556 -0.466419 1.85171 2.70306 1.20266 -0.45456 1.72858 2.46227 1.00255 -0.499353 1.71424 2.39905 0.92408 -0.547078 1.85007 2.5274 0.892018 -0.671368 2.04319 2.79397 1.04476 -0.6589 2.06704 2.91162 1.21407 -0.564379 1.95492 2.77727 1.13315 -0.597284 1.78758 2.5681 0.982212 -0.655388 1.68746 2.55434 1.10764 -0.516626 1.63242 2.55785 1.19854 -0.425269 1.65804 2.54293 1.16151 -0.449277 1.69697 2.55727 1.14834 -0.444444 -0.444444 
1.8103 3.00961 1.72716 -0.136729 1.82947 3.04416 1.77034 -0.102184 1.85158 3.08602 1.80972 -0.0830101 1.84616 3.07709 1.79889 -0.0919367 1.83782 3.05792 1.77869 -0.102184 1.83782 3.05499 1.77678 -0.100283 1.83782 3.04957 1.76492 -0.11053 1.83782 3.04123 1.7541 -0.114043 1.85992 3.04957 1.75116 -0.118876 1.87427 3.06333 1.75951 -0.119457 1.85992 3.07168 1.77385 -0.119457 1.84616 3.08544 1.8043 -0.0973508 1.85992 3.09978 1.80972 -0.0967702 -0.0967702 
1.83782 3.04957 1.77327 -0.0967702 1.76519 2.89528 1.61866 -0.166601 1.69393 2.8801 1.69483 -0.103477 1.72539 3.01954 1.87437 -0.018912 1.87165 3.12965 1.88016 -0.0418609 1.93543 2.97842 1.57022 -0.209652 1.89666 2.97142 1.59149 -0.197765 1.79989 3.00404 1.74469 -0.116394 1.73989 2.94916 1.74105 -0.111111 1.78133 2.96849 1.70917 -0.145207 1.85742 3.03739 1.69945 -0.190477 1.93475 3.09291 1.65284 -0.278424 1.97014 3.10619 1.6282 -0.308164 -0.308164 
1.76508 2.85696 1.65033 -0.117555 1.91171 3.00446 1.64399 -0.215066 1.98525 3.07957 1.63087 -0.277712 1.91116 3.05205 1.67228 -0.241396 1.95202 3.15598 1.82567 -0.136598 1.95741 3.09553 1.71369 -0.187677 1.89798 2.95048 1.50906 -0.311807 1.8296 2.92412 1.47697 -0.366267 1.81878 2.95867 1.51767 -0.368009 1.74398 2.90978 1.59642 -0.256898 1.58953 2.74408 1.62185 -0.134538 1.60025 2.77981 1.66773 -0.102024 1.76899 2.91004 1.59507 -0.23424 -0.23424 
2.01305 3.06655 1.53457 -0.325567 2.07232 3.11058 1.51563 -0.357659 2.07203 3.09859 1.48711 -0.382378 1.87294 2.91284 1.44158 -0.362014 1.6503 2.83453 1.65072 -0.152841 1.60857 2.80511 1.69155 -0.0824295 1.73138 2.78916 1.45956 -0.289121 1.93047 2.91577 1.34481 -0.472545 2.04902 3.01661 1.34143 -0.519108 2.07599 3.00565 1.36182 -0.459234 1.96837 2.91078 1.44844 -0.295144 1.73563 2.75681 1.60112 -0.0464322 1.51531 2.57399 1.58689 0.00187296 0.00187296 
1.87968 2.9121 1.49369 -0.313578 1.98786 3.01207 1.42547 -0.45456 1.96926 2.96173 1.38244 -0.476057 1.83853 2.81008 1.36821 -0.393076 1.72729 2.72813 1.39866 -0.333333 1.74939 2.78739 1.4332 -0.367878 1.81716 2.85165 1.42222 -0.415313 1.8286 2.86454 1.43133 -0.387633 1.69491 2.71347 1.42892 -0.279614 1.56262 2.60651 1.52266 -0.106277 1.58953 2.71904 1.60268 -0.123129 1.71778 2.90962 1.65381 -0.210784 1.75175 2.86805 1.56832 -0.252093 -0.252093 
2.03181 3.15685 1.65706 -0.321343 2.00001 3.08232 1.5834 -0.346962 1.84529 2.84185 1.41876 -0.361434 1.72275 2.66004 1.32457 -0.33146 1.74527 2.66838 1.28932 -0.358951 1.76973 2.71201 1.30601 -0.363785 1.79857 2.79148 1.42969 -0.282414 1.83808 2.75607 1.34143 -0.340518 1.85448 2.67396 1.13738 -0.499934 1.92563 2.81842 1.23898 -0.492749 1.95241 2.92335 1.35825 -0.436707 1.94264 2.91313 1.29492 -0.505928 1.96047 2.93843 1.26064 -0.587168 -0.587168 
1.89141 2.84024 1.30807 -0.485593 1.92109 2.84636 1.22783 -0.586587 1.97233 2.87272 1.19316 -0.611176 1.86708 2.81491 1.26238 -0.502416 1.81233 2.78797 1.28081 -0.48134 1.817 2.7202 1.19812 -0.519239 1.78597 2.63384 1.16854 -0.477247 1.72507 2.58173 1.18478 -0.419275 1.72259 2.59549 1.16986 -0.443863 1.7299 2.61934 1.17586 -0.477828 1.7387 2.62607 1.16796 -0.513694 1.72697 2.57264 1.0971 -0.538282 1.66474 2.43124 0.943386 -0.59187 -0.59187 
1.77208 2.71157 1.2492 -0.438449 1.8296 2.80099 1.24936 -0.528166 1.79023 2.75736 1.20338 -0.556135 1.67283 2.59929 1.14878 -0.502997 1.67676 2.55479 1.11495 -0.49407 1.75407 2.69004 1.24204 -0.43961 1.76109 2.74054 1.33966 -0.362624 1.75584 2.70863 1.30411 -0.388823 1.76577 2.63661 1.17527 -0.475476 1.73928 2.5788 1.14775 -0.449277 1.62479 2.45438 1.14305 -0.369648 1.55044 2.43185 1.18536 -0.351926 1.6737 2.58772 1.24143 -0.386921 -0.386921 
1.75011 2.5381 1.09697 -0.482661 1.72552 2.4857 0.967712 -0.633731 1.75755 2.51525 0.994914 -0.588938 1.77089 2.51322 1.00606 -0.542985 1.81687 2.6148 1.08952 -0.547658 1.84175 2.77096 1.27878 -0.482081 1.79303 2.69017 1.2132 -0.476535 1.74923 2.59256 1.15658 -0.445605 1.80047 2.63864 1.19429 -0.430581 1.82477 2.63368 1.13754 -0.50886 1.81994 2.57351 1.00007 -0.637984 1.80515 2.58537 1.04251 -0.59129 1.81407 2.58537 1.03358 -0.574598 -0.574598 
3.90804 1.43166 0.827123 1.93397 1.98185 2.67364 2.7828 1.60459 1.09119 2.94567 2.57848 0.523289 1.5281 2.89444 2.26641 0.461396 2.071 3.04049 1.94748 0.256129 2.03088 3.09127 1.37175 -0.499324 1.88551 2.90275 1.03609 -0.795441 2.0149 2.85664 1.21597 -0.471543 2.16294 3.07474 1.56587 -0.202496 2.09546 3.14264 1.67814 -0.179489 2.01335 3.03011 1.6231 -0.178039 1.91919 2.92821 1.54154 -0.238333 1.81864 2.97916 1.55208 -0.3566 -0.3566 
5.27697 2.83933 2.61839 3.89089 1.52163 2.59652 1.33548 -0.25344 1.51648 2.93218 1.55773 -0.483155 1.78378 3.13726 1.77966 -0.2452 1.78439 2.97494 1.7967 -0.0313237 1.64444 2.8666 1.74527 -0.073343 1.60419 2.86134 1.71717 -0.142855 1.73563 2.91754 1.60548 -0.267146 1.91906 3.06391 1.5815 -0.345903 1.9372 3.08235 1.54167 -0.404616 1.83298 2.97081 1.46601 -0.424079 1.75011 2.84098 1.40362 -0.408128 1.82464 2.87465 1.49997 -0.287219 -0.287219 
-0.158332 2.56343 0.690569 -0.228661 0.794507 3.73679 0.823188 -2.53489 1.75702 2.77228 1.14096 -0.609883 2.41426 3.22951 1.53045 -0.252124 1.99589 3.1447 1.62204 -0.282065 1.79073 3.08344 2.00326 0.100574 1.99343 3.1156 2.36641 0.645663 2.02256 3.14019 2.21682 0.467813 1.76508 2.98637 1.78661 -0.0595541 1.66842 3.06671 1.71627 -0.303143 1.72671 3.20299 1.87849 -0.206082 1.80737 3.18646 1.87791 -0.138182 1.97162 3.18089 1.90107 -0.0046736 -0.0046736 
1.11524 3.77912 5.14578 2.06384 0.908636 4.36923 3.9195 -0.160616 1.41028 3.43127 3.11468 0.862103 1.62004 3.07564 2.20863 0.322637 1.84334 3.08853 1.68952 -0.243981 1.99795 3.07316 1.50903 -0.345351 1.89441 2.93614 1.44622 -0.320865 1.80676 2.82506 1.41461 -0.283707 1.83135 2.906 1.63477 -0.0777271 1.94027 3.0894 1.86898 0.06703 1.88567 3.02911 1.9012 0.139792 1.8384 2.9546 1.80005 0.0538504 1.90498 3.0146 1.73402 -0.0585528 -0.0585528 
2.21919 3.14124 3.97339 2.78773 1.49836 2.64995 1.05236 -0.608311 1.97269 3.01458 0.984218 -0.77611 2.47688 3.11135 1.20898 -0.33091 2.28942 3.30895 1.38247 -0.542636 2.16542 3.43673 1.59088 -0.539283 2.24946 3.25217 1.79292 -0.0299002 2.17479 3.02924 1.88499 0.268278 1.95918 3.00055 1.88906 0.151332 1.85261 3.11766 1.81922 -0.138022 1.88713 3.15453 1.68321 -0.318963 1.91525 3.13816 1.61737 -0.352189 1.93968 3.1349 1.5582 -0.401973 -0.401973 
2.49608 4.32898 -4.74265 -9.5093 3.37187 3.84071 -3.16549 -6.00891 4.00175 3.35485 -1.50988 -3.05687 3.45099 3.30467 -0.284237 -2.07163 2.48345 2.96978 0.388045 -1.38602 2.08837 2.66477 0.894238 -0.460873 2.14519 2.77102 1.51711 0.16126 2.02708 2.87069 1.77208 0.100647 1.78204 2.76708 1.52691 -0.213876 1.67206 2.66738 1.31768 -0.311067 1.77311 2.82754 1.52572 -0.186356 1.91171 2.98589 1.7425 -0.101604 1.98583 3.08076 1.80417 -0.0459827 -0.0459827 
-0.230718 3.73757 1.25533 -3.2814 0.453673 2.68668 1.11121 -1.50118 1.09588 2.68043 1.37969 -0.74637 1.48251 2.5554 1.31662 -0.447217 1.62804 2.78301 1.40407 -0.489788 1.72861 2.87917 1.57928 -0.308876 1.73434 2.80834 1.78278 0.032325 1.70038 2.82371 1.79258 0.0141808 1.66216 2.88458 1.66932 -0.222643 1.67943 2.82268 1.47506 -0.375774 1.69697 2.67293 1.33511 -0.390856 1.71353 2.64586 1.32019 -0.381057 1.76329 2.68024 1.32648 -0.366717 -0.366717 
1.01114 2.23439 2.67985 2.21287 2.97613 2.75395 1.2208 0.214634 2.312 2.6079 1.38614 0.165141 1.83373 2.51837 1.86592 0.539517 1.7569 2.60738 1.92611 0.396241 1.71604 2.83731 1.89708 0.111373 1.72058 2.93788 1.74398 -0.175659 1.7715 2.86322 1.4351 -0.459365 1.89447 2.87404 1.30001 -0.550272 1.89592 2.88574 1.38213 -0.441512 1.82831 2.80905 1.37333 -0.39952 1.80076 2.694 1.20998 -0.50606 1.83312 2.69297 1.14292 -0.591421 -0.591421 
1.9218 2.24559 1.69935 0.798101 2.3663 2.75913 2.10009 0.865927 1.90609 2.76589 2.06271 0.529589 1.48347 2.80863 2.1591 0.3547 1.54186 2.81713 2.12823 0.361434 1.67402 2.77292 1.917 0.237564 1.59233 2.74714 1.61383 -0.157065 1.5329 2.82503 1.45238 -0.489339 1.66477 2.88281 1.40008 -0.565193 1.89344 2.83657 1.08495 -0.843065 1.99369 2.72736 0.846092 -0.989984 1.92886 2.73438 1.01087 -0.775454 1.83547 2.73835 1.1763 -0.559648 -0.559648 
3.00947 3.24929 1.1031 0.216678 1.4584 3.02229 1.09215 -1.19168 1.38938 2.60418 1.08909 -0.88236 1.64557 2.55115 1.20686 -0.414443 1.59114 2.72503 1.38606 -0.407228 1.60054 2.83644 1.60168 -0.306974 1.75893 2.91503 1.80224 -0.0784677 1.79128 2.91694 1.78233 -0.0764348 1.63567 2.79809 1.61076 -0.237724 1.56832 2.73954 1.47519 -0.392597 1.65968 2.84946 1.57374 -0.332143 1.69948 2.83905 1.59801 -0.253995 1.58911 2.62127 1.46614 -0.242557 -0.242557 
0.822187 2.47725 0.592029 -1.71409 1.63453 2.53062 0.783813 -0.876712 2.08193 2.67393 0.748001 -0.840611 1.90366 2.66661 0.804942 -0.889017 1.98374 2.75285 0.989237 -0.71455 2.13333 2.80025 1.18072 -0.422816 2.00043 2.69532 1.18291 -0.366745 1.73693 2.57164 1.15478 -0.442542 1.76315 2.76706 1.30585 -0.479569 1.89019 2.89818 1.36321 -0.489977 1.94806 2.90714 1.30091 -0.547789 1.93427 2.88632 1.28345 -0.559067 1.97748 2.93991 1.38112 -0.474315 -0.474315 
0.734139 2.5825 2.61136 0.626735 0.863523 2.65539 2.65077 0.702241 1.21136 2.85271 2.56752 0.620712 1.40761 2.92644 2.32217 0.393627 1.39578 2.83324 2.14553 0.278902 1.37307 2.7628 2.03978 0.205661 1.49398 2.84523 1.98625 0.123419 1.5739 2.80685 1.7482 -0.0768554 1.58617 2.71143 1.54225 -0.234952 1.67708 2.68098 1.39734 -0.337426 1.76035 2.72562 1.33921 -0.418245 1.70238 2.56314 1.17644 -0.470643 1.69493 2.50548 1.09374 -0.504767 -0.504767 
0.398268 2.23453 2.70865 1.00425 0.866876 2.26663 2.21079 0.657606 0.92366 2.38748 2.11515 0.472836 1.08955 2.75565 2.25614 0.326757 1.35812 2.78343 2.00188 0.128993 1.49691 2.6321 1.70109 -0.00908651 1.36718 2.4333 1.60445 0.0131795 1.26766 2.40623 1.61322 -0.0322226 1.33118 2.48483 1.58044 -0.140373 1.45911 2.55888 1.52086 -0.21929 1.42924 2.37021 1.3307 -0.232919 1.45589 2.31651 1.22358 -0.286189 1.56272 2.43166 1.19997 -0.382828 -0.382828 
1.83863 3.01809 1.41591 -0.7056 1.45198 2.8316 1.21381 -0.931267 1.5264 2.84069 1.41659 -0.548213 1.8296 2.85004 1.55047 -0.195311 1.69742 2.71495 1.36821 -0.37036 1.55044 2.59185 1.38313 -0.308135 1.60902 2.65772 1.60358 -0.0842001 1.75365 2.83731 1.75497 -0.00660416 1.77327 2.90859 1.67357 -0.17978 1.69071 2.84829 1.59146 -0.263923 1.71485 2.79925 1.53259 -0.251513 1.7608 2.74421 1.40539 -0.31548 1.7608 2.67322 1.23779 -0.456883 -0.456883 
2.19075 3.10072 2.09755 0.342565 2.27582 2.78863 1.46989 0.0678777 1.9722 2.88168 1.21365 -0.568576 1.97278 2.75884 1.16418 -0.465838 2.09572 2.93843 1.20324 -0.563769 2.07919 2.92483 1.05146 -0.763567 2.0505 2.86277 0.978278 -0.815834 2.12179 2.94327 1.17882 -0.634472 2.1486 2.97269 1.33385 -0.465707 2.04947 2.83686 1.21526 -0.511371 1.98522 2.78578 1.12525 -0.592451 1.99282 2.88764 1.217 -0.574598 1.95799 2.91516 1.28522 -0.543696 -0.543696 
4.49887 7.89194 14.9242 13.2232 2.87327 1.78081 2.79086 3.38366 1.53235 2.18624 3.11878 2.34848 1.41311 3.12868 2.59832 0.453748 1.51724 2.91007 2.2119 0.32892 1.7878 3.00684 2.01747 0.182683 1.76416 2.90637 1.44636 -0.433747 1.88206 2.94272 1.14562 -0.793699 2.1525 3.03972 1.193 -0.692575 2.28533 3.09946 1.38041 -0.439508 2.04992 2.89132 1.32154 -0.428942 1.86299 2.78256 1.22944 -0.545888 1.81381 2.82326 1.33997 -0.473706 -0.473706 
4.11743 2.11332 -4.57463 -5.62921 4.01412 2.31186 -1.44251 -2.00564 3.07955 2.69468 0.452811 -0.67061 2.16751 2.78636 1.20372 -0.402029 1.87062 2.79148 1.53116 -0.18081 1.98012 2.81182 1.66744 0.0396121 1.94951 2.73776 1.47583 -0.12609 1.78832 2.63558 1.07164 -0.624645 1.87046 2.78826 0.929232 -0.933071 2.13465 2.91249 0.999776 -0.802814 2.20934 2.82529 1.08707 -0.53818 2.0584 2.68521 1.11588 -0.439508 1.96633 2.79397 1.20311 -0.510631 -0.510631 
0.590248 -0.256317 -1.49795 -1.17685 0.510199 -0.0986432 -1.16829 -0.959299 0.394677 -0.0218918 -0.503998 -0.194542 -4.85616 -8.15287 -1.23196 6.6102 -16.9729 -25.3393 -0.779301 23.0806 -19.499 -28.1167 0.179541 26.7286 -8.94933 -12.4424 0.714547 12.9263 -0.0215639 -0.0325009 0.222369 0.916875 0.38575 0.658403 0.835853 0.857593 0.399173 0.792595 0.838202 0.527004 0.319123 0.8816 1.09159 0.675012 0.427883 1.03938 1.20225 0.655837 0.461716 1.1057 1.1872 0.573437 0.573437 
-28.5463 -50.1747 -42.9219 -18.3325 -35.4754 -57.8933 -46.8647 -18.9752 -23.7889 -39.2857 -32.9702 -14.154 -7.99422 -16.1324 -16.6363 -8.82557 -2.60388 -8.46747 -11.1501 -6.94027 -2.97133 -9.51562 -12.234 -7.44768 -3.10703 -9.8746 -12.48 -7.49853 -3.15183 -9.96418 -12.4412 -7.37236 -3.2319 -10.0429 -12.4999 -7.42476 -3.32926 -10.1841 -12.6975 -7.61125 -3.38723 -10.3405 -12.8929 -7.73612 -3.38181 -10.3758 -12.9102 -7.70744 -3.36805 -10.334 -12.8206 -7.61537 -7.61537 
-33.5021 -57.0698 -39.0623 -5.16059 -31.838 -50.491 -31.6725 -2.23461 -12.7476 -17.3169 -8.78059 0.565431 0.339939 3.16003 3.85391 1.23514 0.753967 2.5039 2.73214 0.941022 1.25496 2.64147 2.18839 0.414283 1.36985 2.73763 1.9789 0.129124 1.60654 2.82429 1.86489 0.0405398 1.69509 2.79442 1.63477 -0.16544 1.68601 2.74553 1.34845 -0.478539 1.69155 2.71917 1.17644 -0.651715 1.75246 2.75446 1.20631 -0.60283 1.82477 2.78314 1.29531 -0.483242 -0.483242 
-22.9357 -40.7461 -27.4057 -1.82767 -12.0279 -21.672 -14.7859 -1.12182 0.680317 0.587588 0.225307 0.00194489 1.54936 2.60315 1.99058 0.434038 1.30543 2.53297 2.03814 0.397113 1.39707 2.68275 2.08608 0.339036 1.3227 2.65156 1.86428 0.0436315 1.14118 2.64673 1.82971 -0.113564 1.11762 2.60751 1.82123 -0.096292 1.2577 2.63003 1.82854 -0.033515 1.39501 2.67132 1.78787 -0.0521086 1.46733 2.6457 1.64486 -0.153421 1.56291 2.64028 1.5487 -0.208462 -0.208462 
-32.9325 -55.6276 -38.9865 -4.28271 -31.2606 -51.516 -33.7999 -1.61875 -12.0554 -21.7965 -14.898 -0.876324 1.82478 0.138327 -1.81278 -1.47585 1.8292 1.58379 -0.515791 -1.40676 1.64596 1.8432 0.173141 -0.914853 1.50134 1.67296 0.326825 -0.649028 1.25923 1.45663 0.341746 -0.52722 1.0818 1.318 0.298695 -0.521646 1.04242 1.27672 0.306011 -0.483589 1.04242 1.25461 0.288738 -0.474082 1.12601 1.36221 0.283774 -0.537308 1.29333 1.58031 0.331049 -0.623381 -0.623381 
1.80208 2.63207 1.16313 -0.518977 1.82622 2.74872 1.28433 -0.479729 1.71939 2.60355 1.19168 -0.50828 1.73035 2.60632 1.15185 -0.564481 1.92447 2.87872 1.27146 -0.596835 2.00059 2.91939 1.20924 -0.671949 2.0012 2.8474 1.09599 -0.739559 1.95886 2.79555 1.10721 -0.676782 1.85567 2.70686 1.14221 -0.596123 1.78832 2.58128 1.0513 -0.622903 1.87498 2.62781 1.033 -0.640335 1.98609 2.71096 0.99349 -0.706654 2.02489 2.77009 0.971253 -0.784221 -0.784221 
-23.701 -43.6885 -32.2251 -6.12455 -9.07329 -17.2297 -13.2201 -2.98857 1.79915 2.56559 0.862116 -0.833583 1.81198 2.56036 0.66235 -1.03407 1.89016 2.4993 0.5262 -1.08285 1.87759 2.51364 0.728217 -0.858304 1.99515 2.49579 0.8149 -0.669046 2.07287 2.51071 0.807584 -0.651482 2.00407 2.52682 0.80114 -0.715 1.87804 2.51847 0.833914 -0.741779 1.77234 2.48554 0.883672 -0.71381 1.71965 2.45335 0.914704 -0.674431 1.69462 2.47661 0.956565 -0.661251 -0.661251 
1.79622 2.70541 1.26602 -0.347093 1.76228 2.723 1.32373 -0.359532 1.81965 2.80025 1.38693 -0.376964 1.88248 2.87053 1.43368 -0.388823 1.85171 2.78781 1.34684 -0.415182 1.85802 2.77743 1.28538 -0.475345 1.92154 2.85954 1.27923 -0.538282 2.02124 2.9841 1.3148 -0.57753 1.98493 2.89364 1.23195 -0.608113 1.94161 2.81153 1.15877 -0.624224 1.97117 2.8686 1.21336 -0.600216 2.02124 2.93141 1.29637 -0.548979 1.98538 2.91355 1.3334 -0.507118 -0.507118 
-27.7656 -49.0167 -33.5871 -3.29764 -11.4262 -18.9881 -12.2039 -0.788304 0.748265 2.19745 1.82024 0.106439 1.36878 2.56213 1.43453 -0.392121 1.65833 2.50339 1.08434 -0.579721 1.80853 2.56211 1.11118 -0.513694 2.03088 2.5962 1.06522 -0.465867 2.14344 2.64025 0.957043 -0.575657 2.1408 2.62021 0.718448 -0.85231 2.09321 2.60864 0.590196 -1.01128 2.043 2.63265 0.652261 -0.974829 1.99821 2.60513 0.721642 -0.885244 1.96469 2.58244 0.76044 -0.841032 -0.841032 
-1.3935 -0.736386 2.03055 3.20568 -11.5462 -14.985 -3.10998 7.3463 -23.5145 -30.9886 -9.17565 10.9981 -21.8133 -28.4901 -8.82401 9.82299 -9.52274 -11.727 -2.42282 6.08996 -1.25855 -0.782869 1.82544 3.48472 -0.596366 0.653955 3.23709 3.63301 -0.362811 0.795435 3.16737 3.5598 -0.51449 0.576042 3.11859 3.70253 -0.681251 0.306153 3.09939 3.96484 -0.697943 0.287428 3.10129 3.97847 -0.577165 0.527025 3.17537 3.8274 -0.470278 0.746286 3.26863 3.72215 3.72215 
-23.5539 -31.0182 -10.3298 9.03098 -23.737 -29.9157 -7.75315 10.8819 -11.5715 -12.7036 0.826122 9.38511 -2.58963 -1.09216 4.81273 6.59298 -2.25921 -0.957531 3.97546 5.5719 -2.58042 -1.39748 3.98666 5.84005 -2.76517 -1.53463 4.04492 6.08686 -2.74819 -1.4035 4.08752 5.9907 -2.6432 -1.25275 4.11069 5.88851 -2.58816 -1.2737 4.11845 5.98951 -2.59783 -1.38771 4.11597 6.16823 -2.64439 -1.5054 4.07527 6.26265 -2.63956 -1.50437 4.07118 6.26265 6.26265 
-26.8192 -52.3838 -47.8763 -18.7219 -36.0377 -64.4168 -55.2875 -20.2377 -44.087 -76.9435 -65.0204 -23.4181 -40.6014 -72.6156 -61.6919 -21.9563 -28.8856 -54.6483 -47.1629 -16.645 -20.9306 -42.9057 -38.4939 -13.9963 -20.5103 -43.1287 -39.5526 -14.7869 -20.1637 -42.9627 -39.4286 -14.578 -20.3245 -43.0197 -39.3698 -14.5707 -20.3919 -43.189 -39.6423 -14.7672 -20.2753 -42.957 -39.4062 -14.6446 -20.1417 -42.7188 -39.1384 -14.4772 -20.0207 -42.4497 -38.8967 -14.3924 -14.3924 
-17.8733 -34.2021 -31.5014 -12.9051 -26.8649 -50.2911 -47.8839 -21.1301 -32.9453 -59.5037 -57.9 -27.0106 -41.6971 -73.4604 -70.9891 -33.2155 -41.8609 -73.0297 -70.66 -33.2568 -31.5752 -58.1679 -56.3666 -25.6552 -22.5162 -47.4383 -45.5429 -18.8346 -21.2351 -47.7421 -45.2851 -17.7287 -21.1012 -46.1998 -43.5046 -17.1757 -20.855 -45.0857 -41.9555 -16.3379 -20.7952 -44.8139 -41.5875 -16.0999 -20.6606 -44.6836 -41.5664 -16.1051 -20.6869 -44.6855 -41.5838 -16.1417 -16.1417 
-29.5844 -54.5517 -51.7247 -22.8605 -34.7095 -62.2677 -60.3916 -28.1331 -39.933 -70.6964 -68.4975 -32.0929 -39.1415 -68.7691 -66.8192 -31.5264 -31.5752 -58.1679 -56.3666 -25.6552 -22.5162 -47.4383 -45.5429 -18.8346 -21.2351 -47.7421 -45.2851 -17.7287 -21.1012 -46.1998 -43.5046 -17.1757 -20.855 -45.0857 -41.9555 -16.3379 -20.7952 -44.8139 -41.5875 -16.0999 -20.6606 -44.6836 -41.5664 -16.1051 -20.6869 -44.6855 -41.5838 -16.1417 -20.8064 -44.8432 -41.6992 -16.1959 -16.1959 
-24.7029 -44.5502 -31.9809 -4.2801 -9.86988 -19.5005 -15.4522 -3.16614 2.46966 1.42966 -1.47767 -1.992 2.67033 2.34221 -0.407685 -1.54523 2.31862 2.4886 0.173459 -1.20878 2.07358 2.5072 0.461652 -1.04408 1.99528 2.47661 0.566319 -0.949792 1.97362 2.49037 0.663089 -0.861367 1.92283 2.56868 0.894369 -0.676782 1.86547 2.63851 1.11717 -0.502285 1.82477 2.64934 1.20324 -0.42704 1.77456 2.63793 1.21407 -0.429522 1.66593 2.57454 1.15974 -0.497582 -0.497582 
-4.24939 -7.71071 -9.2718 -7.22045 -16.0484 -31.4425 -33.1679 -21.4081 -25.1523 -49.5542 -51.1134 -31.8084 -19.1778 -37.5267 -38.9633 -24.5492 -6.31147 -11.7351 -13.223 -9.52754 0.931128 2.39025 0.968011 -1.07825 1.43904 2.89016 1.29164 -0.853228 1.42161 2.62124 0.937493 -0.983989 1.37549 2.59491 1.01055 -0.877263 1.49392 2.61876 1.08344 -0.760026 1.62714 2.58524 1.07145 -0.687132 1.72023 2.50532 0.959628 -0.697249 1.73941 2.49624 0.92025 -0.719935 -0.719935 
-26.6709 -45.6174 -30.9286 -1.41452 -40.4626 -63.7058 -38.3792 2.88023 -35.5338 -55.6586 -34.3184 1.72054 -19.2997 -33.9471 -25.6492 -3.84166 -8.54579 -20.1955 -19.8809 -6.923 -7.43648 -18.9658 -18.7069 -6.36547 -6.6064 -18.0813 -17.9188 -5.84388 -6.58926 -18.3802 -18.2175 -5.85296 -6.76318 -18.8408 -18.6091 -5.90291 -6.66934 -18.8217 -18.5434 -5.8044 -6.39984 -18.4303 -18.164 -5.63225 -6.29824 -18.1544 -17.9082 -5.55817 -6.41431 -18.217 -17.9854 -5.65023 -5.65023 
-2.4878 -10.1336 -13.1514 -7.20302 -2.69071 -10.5617 -13.554 -7.36785 -2.89907 -11.3062 -14.4215 -7.77043 -3.11506 -12.1446 -15.4075 -8.22644 -3.3609 -12.9471 -16.2627 -8.57663 -3.74217 -13.8425 -17.0848 -8.84702 -4.20437 -14.9562 -18.1247 -9.20307 -4.67291 -16.2 -19.337 -9.63888 -5.0817 -17.4817 -20.5851 -10.0387 -5.60279 -18.824 -21.8286 -10.4253 -6.19253 -20.254 -23.1836 -10.9095 -6.83485 -21.827 -24.6708 -11.434 -7.53192 -23.6216 -26.3416 -11.9769 -11.9769 
-12.1348 -34.9483 -36.6819 -15.2241 -13.2795 -37.7118 -39.1798 -15.9838 -14.6908 -40.9134 -41.8909 -16.6866 -16.3994 -44.587 -44.8731 -17.3838 -18.3618 -48.5615 -47.98 -18.0532 -20.5873 -52.7566 -51.163 -18.7158 -23.2764 -57.561 -54.5352 -19.1857 -26.2389 -62.8332 -58.1365 -19.5622 -29.4967 -67.8957 -60.9946 -19.4238 -33.1992 -72.7018 -62.9076 -18.6409 -36.9085 -77.3812 -64.6211 -17.7428 -31.5248 -68.1511 -58.3347 -16.8105 -19.3926 -47.0662 -44.7124 -16.0782 -16.0782 
1.64171 1.24584 0.127926 -0.197485 1.57872 1.08394 0.0282256 -0.168485 1.57891 1.03258 -0.0191822 -0.172896 1.60814 0.995518 -0.0621004 -0.171286 1.59937 0.893654 -0.117403 -0.130005 1.45868 0.679647 -0.195609 -0.0623948 1.31051 0.471503 -0.289156 -0.0183138 1.29121 0.383399 -0.372008 -0.0271092 1.32396 0.362003 -0.422242 -0.0433516 1.2944 0.23555 -0.496138 0.0058252 1.10392 -0.042424 -0.547113 0.156735 0.98814 -0.236516 -0.615624 0.218062 0.948152 -0.381433 -0.755574 0.171817 0.171817 
1.32396 0.362003 -0.422242 -0.0433516 1.2944 0.23555 -0.496138 0.0058252 1.10392 -0.042424 -0.547113 0.156735 0.98814 -0.236516 -0.615624 0.218062 0.94522 -0.408953 -0.794372 0.166402 0.86044 -0.672876 -1.0532 0.0912889 0.635417 -1.13747 -1.34467 0.109302 0.515669 -1.44367 -1.46368 0.229311 0.5275 -1.49069 -1.41144 0.376419 0.480806 -1.56123 -1.4514 0.393691 0.354614 -1.80363 -1.59032 0.421952 0.248018 -2.02202 -1.70278 0.469517 0.166038 -2.22929 -1.81241 0.533194 0.533194 
0.166038 -2.22929 -1.81241 0.533194 -0.0282704 -2.61148 -2.05854 0.542991 -0.211985 -3.07475 -2.40399 0.522628 -0.397236 -3.5038 -2.77879 0.424695 -0.560587 -3.79508 -2.94917 0.441969 -0.814478 -4.23892 -3.14144 0.55115 -1.11356 -4.77959 -3.384 0.666223 -1.49245 -5.31388 -3.70598 0.61937 -1.78862 -5.78637 -4.0241 0.573285 -2.09962 -6.45927 -4.48733 0.582632 -2.47484 -7.14882 -4.86268 0.680274 -2.92636 -7.8718 -5.26416 0.734574 -3.35853 -8.65928 -5.69381 0.830894 0.830894 
-9.12133 -19.2758 -11.4709 2.2093 -10.468 -21.776 -12.8769 2.48782 -12.0231 -24.7011 -14.5515 2.7939 -13.7377 -27.956 -16.5001 3.02177 -15.7382 -31.7267 -18.7277 3.30822 -18.2508 -36.3819 -21.4801 3.62142 -21.1591 -41.8117 -24.7798 3.8771 -24.5398 -48.1563 -28.7 4.11683 -28.6408 -55.7488 -33.3399 4.43278 -33.3891 -64.4185 -38.6883 4.65288 -37.0071 -71.0353 -42.8663 4.70744 -30.8749 -58.2433 -34.8763 3.66425 -18.5381 -33.1071 -18.9574 2.30393 2.30393 
1.89695 2.89557 1.53584 -0.197502 1.728 2.62758 1.53671 0.0538504 1.73635 2.59845 1.64708 0.274433 1.7331 2.59494 1.76638 0.465622 1.49828 2.25683 1.73577 0.727354 1.15834 1.74879 1.74292 1.20544 0.872224 1.22726 1.72427 1.73065 0.643107 0.761694 1.77963 2.34431 0.367822 0.301064 1.9176 3.03682 0.0893695 -0.138882 2.14552 3.8156 -0.194684 -0.627004 2.39756 4.68658 -0.521179 -1.08642 2.91032 5.85722 -1.07824 -1.68385 3.52009 7.20805 7.20805 
-2.98557 -3.84851 4.89812 10.7716 -3.59858 -4.59073 5.06477 11.6702 -4.03283 -5.26621 4.99739 12.3024 -4.5904 -6.16639 4.58081 12.5978 -5.20615 -7.11134 3.9822 12.585 -5.63649 -7.798 3.27942 12.1903 -5.69552 -8.24228 2.28838 11.3411 -5.8952 -9.11268 0.759029 10.215 -6.42461 -10.4075 -0.783768 9.41366 -7.06783 -11.6946 -1.86084 9.19069 -7.59073 -12.8807 -2.73618 9.22315 -8.33291 -14.3082 -3.70636 9.27967 -9.19542 -15.8674 -4.70719 9.39133 9.39133 
-10.8567 -19.0662 -6.59857 9.99223 -11.4616 -19.2425 -6.06674 10.5187 -12.2536 -19.2393 -4.86854 11.5724 -13.6506 -19.8609 -3.6104 13.1178 -15.5073 -21.2165 -2.71693 14.8335 -17.2968 -22.6235 -1.99689 16.4364 -18.8564 -23.8474 -1.39276 17.7766 -20.7104 -25.8709 -2.16939 18.0394 -23.4748 -29.7656 -4.99027 17.3361 -27.1042 -35.2307 -9.05743 16.418 -30.9516 -41.3293 -13.9477 15.093 -34.5071 -47.1992 -19.5825 12.5745 -38.0726 -52.8517 -24.9718 10.0122 10.0122 
-38.2492 -52.4554 -27.5791 5.1221 -37.1922 -50.5758 -26.9169 4.10253 -36.9599 -50.0136 -26.9189 3.43603 -36.926 -49.8259 -27.1131 2.87733 -36.7709 -49.457 -27.0331 2.52818 -36.5535 -48.8944 -26.6646 2.36164 -36.3602 -48.4525 -26.392 2.24717 -36.2163 -48.1949 -26.2383 2.20515 -36.1782 -48.255 -26.4835 1.97516 -36.1073 -48.1145 -26.5557 1.59709 -36.0374 -47.9081 -26.3914 1.5845 -35.9515 -47.781 -26.1329 2.03929 -35.7851 -47.484 -25.7151 2.42061 2.42061 
1.3686 1.95009 0.647792 -0.68687 1.24019 1.61897 0.317682 -0.815544 1.19745 1.50628 0.129162 -0.942157 1.23081 1.65716 0.238765 -0.926495 1.20081 1.70021 0.298639 -0.891501 1.03524 1.47216 0.00101247 -1.12571 0.835834 1.22389 -0.316658 -1.41068 0.596339 0.913858 -0.520184 -1.4915 0.25186 0.393327 -0.860571 -1.55299 -0.151464 -0.31237 -1.53017 -1.87034 -0.49288 -1.08909 -2.4198 -2.37437 -0.712648 -1.74577 -3.34555 -3.01451 -0.998893 -2.44566 -4.36694 -3.75523 -3.75523 
-2.87471 -5.55641 -7.65514 -5.65 -3.46661 -6.67023 -8.71782 -6.15181 -3.95913 -8.01169 -10.0273 -6.66904 -4.46482 -9.60831 -11.5083 -7.13536 -5.07928 -11.3782 -12.972 -7.46833 -5.90309 -13.3901 -14.4959 -7.7391 -6.98822 -15.9021 -16.6089 -8.3666 -8.42049 -19.2204 -19.7969 -9.69864 -10.258 -23.4085 -23.9655 -11.5891 -12.4434 -28.3138 -28.7951 -13.7635 -15.3224 -34.5074 -34.7734 -16.4827 -19.6361 -42.6104 -42.035 -19.6564 -25.4638 -50.2809 -46.8556 -20.9792 -20.9792 
-12.0411 -27.4293 -27.9365 -13.3863 -16.4009 -35.8293 -35.5352 -16.6736 -20.7379 -44.3523 -43.3878 -20.1574 -24.362 -48.5389 -45.5028 -20.4782 -30.7501 -54.399 -46.8568 -19.5446 -40.6651 -64.9034 -51.1881 -19.4659 -49.6798 -73.9113 -54.3417 -18.9743 -55.2409 -77.9105 -54.4656 -18.0831 -43.5182 -63.6965 -46.37 -16.3727 -22.0663 -39.8817 -35.0755 -15.2399 -9.73675 -26.3816 -29.4983 -15.5203 -9.79626 -26.1626 -29.7435 -16.1084 -9.81882 -26.3421 -29.585 -15.7047 -15.7047 
0.931041 0.892216 -0.379736 -1.10108 -7.15446 -15.0341 -13.9365 -6.01432 -23.2653 -43.928 -36.7928 -13.461 -25.1375 -46.4428 -38.6928 -14.2162 -9.94665 -18.4452 -16.2393 -6.84611 1.85575 2.66685 1.02136 -0.690074 1.91335 2.99971 2.04631 0.292051 1.77047 2.63603 1.49118 -0.10002 1.59336 2.60267 1.43262 -0.256186 1.66829 2.64086 1.40172 -0.291472 1.81336 2.7628 1.40349 -0.318411 1.88567 2.8578 1.36456 -0.416924 1.92754 2.90859 1.33411 -0.497582 -0.497582 
0.92838 1.40764 0.36815 -0.702981 0.792333 1.09335 0.0731671 -0.805428 0.630566 0.739258 -0.311854 -0.997067 0.293242 0.133684 -0.814588 -1.18223 -0.486098 -1.27948 -1.93268 -1.5223 -1.88816 -3.71561 -3.75836 -1.99365 -3.79729 -7.03228 -6.22801 -2.60235 -6.21485 -11.4304 -9.50747 -3.34471 -9.57501 -17.845 -14.3395 -4.38633 -14.3502 -26.9893 -21.168 -5.7774 -21.1095 -39.7084 -30.5863 -7.69331 -30.2752 -55.9291 -41.8838 -9.49504 -39.8506 -71.1778 -51.0439 -9.76567 -9.76567 
1.72697 2.58537 1.06342 -0.600797 1.6671 2.49682 0.92202 -0.728281 1.60326 2.35351 0.815002 -0.747325 1.62288 2.34107 0.804755 -0.74133 1.69226 2.44426 0.833015 -0.789185 1.72697 2.47777 0.823348 -0.830915 1.74234 2.42538 0.742558 -0.858435 1.78917 2.34749 0.588556 -0.922271 1.76032 2.27592 0.501322 -0.965453 1.67264 2.19584 0.462364 -0.992102 1.60677 2.20654 0.549178 -0.941577 1.61586 2.27357 0.652363 -0.880991 1.60326 2.25307 0.638314 -0.883024 -0.883024 
1.41975 0.904237 -1.59642 -2.36906 1.36674 0.763124 -1.79112 -2.497 1.38359 0.591429 -2.13026 -2.73649 1.43742 0.501363 -2.39437 -2.94334 1.41315 0.402562 -2.58963 -3.09793 1.32134 0.206539 -2.84523 -3.25618 1.28561 0.0241453 -3.11985 -3.43799 1.17624 -0.225437 -3.42947 -3.62786 1.10348 -0.42085 -3.68946 -3.77352 1.06642 -0.536214 -3.85883 -3.87174 1.00274 -0.721989 -4.13683 -4.06148 0.91651 -1.00393 -4.56997 -4.37048 0.821323 -1.35482 -5.08953 -4.717 -4.717 
0.327037 -2.53496 -6.55301 -5.55404 0.243156 -2.87764 -7.13941 -5.97225 0.119868 -3.20879 -7.65897 -6.3498 -0.0397081 -3.47593 -7.96301 -6.53452 -0.218167 -3.82873 -8.40281 -6.81284 -0.363271 -4.22996 -9.06036 -7.34404 -0.566057 -4.80762 -9.98572 -8.14334 -0.863103 -5.50059 -10.8898 -8.78932 -1.15534 -6.21292 -11.837 -9.32937 -1.36486 -6.9065 -12.9394 -10.0127 -1.58524 -7.68205 -14.176 -10.8279 -1.85551 -8.41691 -15.2554 -11.5215 -2.23501 -9.26304 -16.4519 -12.2988 -12.2988 
-7.45698 -22.5757 -34.1727 -22.9887 -9.26699 -27.0297 -39.7294 -26.2158 -11.4745 -31.9125 -45.4236 -29.4709 -13.7244 -36.6931 -50.825 -32.5523 -15.6693 -40.3806 -54.7914 -34.7976 -17.9126 -43.5363 -57.4327 -36.026 -20.4839 -46.9688 -60.0373 -37.0852 -23.2653 -51.1762 -63.59 -38.6227 -26.2561 -55.5341 -67.1262 -40.1087 -29.6067 -59.6856 -69.6914 -40.7773 -33.2743 -63.9444 -71.938 -41.1309 -37.241 -68.7231 -74.6974 -41.7561 -41.6214 -75.3732 -79.9718 -43.793 -43.793 
1.48523 1.52994 -0.0690228 -1.04833 1.43196 1.36717 -0.143529 -1.00093 1.33532 1.19767 -0.193313 -0.92333 1.25027 1.11556 -0.17385 -0.858783 1.2235 1.14527 -0.112814 -0.851017 1.23929 1.03764 -0.363006 -1.07076 1.20313 0.685904 -0.896107 -1.42339 1.13356 0.367361 -1.3817 -1.7478 1.12141 0.28274 -1.63641 -1.9747 1.06386 0.217161 -1.76978 -2.09384 0.967992 0.184228 -1.83465 -2.19953 0.837388 0.138273 -1.88679 -2.28571 0.704621 0.0728552 -1.8893 -2.2822 -2.2822 
0.421045 -0.161329 -1.80164 -2.07619 0.367326 -0.422507 -1.98715 -2.09193 0.341997 -0.732806 -2.43209 -2.37149 0.350896 -1.03707 -2.9783 -2.76195 0.12133 -1.72813 -3.60014 -2.96297 -0.257695 -2.98761 -4.77622 -3.39738 -0.614671 -4.47608 -6.39217 -4.19042 -1.05743 -6.36958 -8.45579 -5.19489 -1.65593 -8.56623 -10.7581 -6.26671 -2.25726 -10.8478 -13.2038 -7.43294 -3.02107 -13.464 -15.8615 -8.60797 -4.08602 -16.7616 -19.0662 -9.92694 -5.42124 -20.7888 -22.9657 -11.5618 -11.5618 
-9.2007 -33.5326 -36.3689 -17.7363 -8.78341 -33.3335 -36.7523 -18.2056 -8.00312 -31.4735 -35.0771 -17.5228 -7.53227 -30.099 -33.7278 -16.9393 -7.30827 -29.3415 -32.9868 -16.6504 -7.15614 -28.8473 -32.5221 -16.491 -7.02599 -28.438 -32.1361 -16.3435 -6.89042 -28.0675 -31.7801 -16.1805 -6.79965 -27.7916 -31.5058 -16.0551 -6.72688 -27.5787 -31.2932 -15.9673 -6.66057 -27.378 -31.0906 -15.8813 -6.62235 -27.2078 -30.9018 -15.784 -6.58896 -27.0637 -30.7459 -15.7064 -15.7064 
1.15673 1.37639 -0.238453 -1.19496 0.962475 1.23485 -0.333482 -1.27691 0.644064 0.913858 -0.52631 -1.35461 0.338832 0.614387 -0.603063 -1.30644 0.0526429 0.294103 -0.547022 -1.0952 -0.18553 -0.0819337 -0.559779 -0.889412 -0.363831 -0.383624 -0.588011 -0.710531 -0.410235 -0.472629 -0.60238 -0.650685 -0.347589 -0.468536 -0.641149 -0.679367 -0.256682 -0.449362 -0.749329 -0.803077 -0.216723 -0.448781 -0.796604 -0.838202 -0.183789 -0.497087 -0.85999 -0.825632 -0.242529 -1.06395 -1.66061 -1.29063 -1.29063 
-1.50568 -6.9419 -8.72706 -5.08684 -1.92723 -9.03835 -11.3051 -6.56359 -2.15944 -10.5591 -13.4393 -7.9077 -2.15173 -10.8521 -14.0961 -8.42496 -2.04236 -10.3216 -13.5953 -8.20886 -1.9463 -9.89679 -13.1729 -8.01297 -1.84837 -9.59319 -12.8748 -7.90492 -1.78511 -9.38531 -12.6609 -7.8465 -1.77135 -9.25986 -12.5163 -7.78853 -1.72962 -9.11582 -12.3741 -7.71928 -1.66624 -8.97309 -12.2522 -7.66672 -1.61016 -8.8595 -12.1548 -7.62792 -1.59699 -8.78425 -12.0742 -7.59747 -7.59747 
1.28614 2.05616 1.13304 -0.0316132 1.10852 1.86149 1.11703 0.0792066 0.895098 1.63945 1.03357 0.0675082 0.742838 1.48928 0.907799 -0.0462162 0.737555 1.47185 0.840451 -0.118529 0.739457 1.45986 0.812931 -0.135221 0.696986 1.3899 0.82434 -0.052211 0.607663 1.16638 0.704274 0.0351544 0.524362 0.929718 0.551331 0.0935761 0.422731 0.702503 0.370491 0.06925 0.376936 0.616619 0.282995 0.0380862 0.391407 0.766077 0.666957 0.391783 0.271212 0.780577 1.1921 1.01869 1.01869 
-0.812998 -1.5152 0.863998 3.17887 -1.24292 -2.60039 0.526225 3.97357 -1.80752 -3.98169 -0.206207 4.58279 -2.36086 -5.38714 -0.994389 5.17901 -2.97791 -6.69614 -1.52473 5.88471 -3.90703 -8.00901 -1.79421 6.65179 -4.97436 -9.35072 -2.05292 7.38068 -6.02109 -10.8466 -2.39344 8.26254 -7.21332 -12.6667 -2.53895 9.76625 -8.69602 -14.71 -2.1924 12.0646 -10.3226 -16.7359 -1.4822 14.8094 -11.6932 -18.2843 -0.608174 17.3319 -12.1164 -18.5029 0.299352 18.6661 18.6661 
-10.7332 -16.1063 1.22647 17.5624 -10.5201 -15.7069 1.30584 17.2378 -10.399 -15.4528 1.33851 17.0001 -10.294 -15.2326 1.38024 16.8202 -10.1728 -15.0217 1.43164 16.675 -10.0762 -14.8578 1.45419 16.5274 -9.99916 -14.7203 1.47572 16.3995 -9.92698 -14.5894 1.49534 16.2795 -9.88042 -14.4884 1.52521 16.2017 -9.83927 -14.3992 1.55025 16.1271 -9.79212 -14.3066 1.56636 16.0488 -9.73721 -14.2007 1.59974 15.9956 -9.68466 -14.1081 1.63561 15.9681 15.9681 
1.06424 2.31251 1.42313 -0.219074 1.02 2.3264 1.53287 -0.144859 0.954129 2.26494 1.55307 -0.0947837 0.81679 2.0025 1.35792 -0.0912713 0.720151 1.76229 1.11827 -0.1592 0.66334 1.59733 0.944509 -0.25317 0.67549 1.54828 0.887117 -0.266799 0.720863 1.55428 0.86385 -0.238698 0.760691 1.54828 0.937802 -0.103579 0.688351 1.37482 1.00612 0.161056 0.574598 1.0165 0.748355 0.244328 0.542215 0.846577 0.535829 0.221379 0.600029 0.946381 0.651715 0.299949 0.299949 
0.433691 0.770488 0.726644 0.481658 -0.06334 0.317073 0.827392 0.861396 -0.778687 -0.47968 0.795956 1.34966 -1.49055 -1.52723 0.536695 1.87196 -2.09507 -2.54415 0.280162 2.48052 -2.72985 -3.66005 0.104494 3.3726 -3.67246 -5.24104 0.0610111 4.88537 -4.92269 -7.25479 0.24833 7.09699 -5.90773 -8.64739 0.643368 8.90392 -6.22236 -8.88023 0.950605 9.44212 -5.98986 -8.41364 1.10435 9.19589 -5.6742 -7.97221 1.24142 9.04657 -5.47844 -7.72881 1.29549 8.9457 8.9457 
1.50298 2.76109 1.71947 -0.049148 1.46173 2.81864 1.89497 0.0696994 1.31269 2.68706 1.91533 0.152158 1.23277 2.73598 2.1479 0.352114 1.13497 2.8099 2.48617 0.658798 0.963534 2.62695 2.43916 0.721313 0.774985 2.46979 2.43551 0.785758 0.632365 2.4383 2.64563 1.00576 0.460509 2.29564 2.73464 1.18715 0.183059 1.94142 2.57371 1.22421 -0.13242 1.68632 2.53209 1.23651 -0.377198 1.62399 2.55794 1.12237 -0.490079 1.7032 2.6144 0.969295 0.969295 
-1.68312 0.648384 2.23151 0.820501 -1.72836 0.646482 2.26853 0.840865 -1.74474 0.68647 2.3558 0.913628 -1.77844 0.731103 2.5711 1.16102 -1.96918 0.616246 2.81614 1.52538 -2.32742 0.299372 2.95851 1.88682 -2.69871 -0.171796 2.86974 2.10801 -3.15916 -0.818144 2.58469 2.22895 -3.61549 -1.29969 2.34643 2.18767 -4.13994 -1.61508 2.33242 2.18688 -4.86283 -2.09979 2.53826 2.57499 -5.69761 -2.80963 2.87877 3.3964 -6.39801 -3.53455 3.09224 4.19847 4.19847 
-8.75243 -6.75427 3.12457 7.16725 -10.3067 -8.8025 3.4641 9.41909 -12.5406 -11.6879 3.83769 12.3789 -15.722 -15.7075 3.90836 15.7327 -19.5851 -20.9311 2.29146 17.7827 -23.8926 -27.1513 -1.28503 18.0122 -27.6245 -32.5723 -4.80808 17.6438 -29.5487 -35.1151 -6.24433 17.6367 -29.4742 -34.8065 -6.13314 17.3772 -28.8451 -33.6679 -5.54401 17.019 -28.3872 -32.851 -5.14415 16.8068 -28.1045 -32.3757 -4.98016 16.6707 -27.9283 -32.0982 -4.95316 16.5066 16.5066 
1.86922 1.66886 0.0929316 -0.738483 1.81079 1.48283 -0.0418961 -0.762491 1.78869 1.38738 -0.0976771 -0.761038 1.73568 1.22226 -0.221676 -0.770705 1.68402 1.07428 -0.366433 -0.834092 1.65457 1.00297 -0.476252 -0.924707 1.63408 0.84532 -0.704469 -1.07652 1.6411 0.651228 -0.913773 -1.17445 1.64446 0.552396 -0.900332 -1.09733 1.5269 0.251154 -1.0157 -0.974681 1.42075 -0.139353 -1.34681 -1.02079 1.41954 -0.412813 -1.60125 -1.05682 1.40681 -0.602203 -1.69596 -1.00648 -1.00648 
0.854997 -2.10696 -2.56187 -0.839778 0.788202 -2.5167 -2.76146 -0.684962 0.661269 -3.0915 -3.07718 -0.511495 0.500345 -3.80509 -3.5502 -0.430153 0.36723 -4.49365 -3.93973 -0.239282 0.147884 -5.40353 -4.45375 0.003378 -0.239806 -6.56106 -4.98017 0.4147 -0.667034 -7.85458 -5.51938 0.940168 -1.11053 -9.29872 -6.09736 1.61248 -1.61655 -11.0757 -6.90313 2.3682 -2.26064 -13.2239 -7.86994 3.27837 -2.98159 -15.6523 -8.99647 4.24442 -3.7538 -18.3864 -10.2179 5.4245 5.4245 
-6.50423 -29.5307 -15.8087 9.65006 -7.99723 -34.3589 -18.2731 11.1543 -9.97839 -40.0576 -21.112 12.8444 -12.6599 -46.9475 -24.512 14.6679 -15.122 -53.0029 -27.3294 16.4381 -15.973 -55.3954 -27.9629 17.9261 -15.3741 -54.5498 -26.9005 18.8584 -14.755 -53.3869 -25.7578 19.5692 -14.4445 -52.7005 -24.9942 20.1055 -14.1273 -52.2076 -24.6746 20.185 -13.7665 -51.7906 -24.4877 20.2099 -13.5428 -51.4157 -23.9875 20.6733 -13.4269 -51.0516 -23.4605 21.0615 21.0615 
1.46737 2.08811 0.0516976 -1.42505 1.41497 2.0262 -0.0440138 -1.48374 1.33912 1.98402 -0.00308053 -1.40295 1.26097 1.9031 -0.0111082 -1.36663 1.20503 1.81146 -0.0951484 -1.412 1.14545 1.71762 -0.185924 -1.45857 1.07533 1.55588 -0.408857 -1.59133 1.07794 1.47799 -0.586867 -1.71898 1.07311 1.45721 -0.606491 -1.72455 1.0027 1.36279 -0.627567 -1.67596 0.819535 1.07866 -0.82668 -1.69938 0.63582 0.721218 -1.16234 -1.8307 0.446926 0.401513 -1.43772 -1.93417 -1.93417  
