2.24669 2.16028 2.16028 -0.135789 2.24669 2.17262 2.17262 -0.123444 2.23434 2.17262 2.18497 -0.123444 2.25903 2.19731 2.19731 -0.135789 2.25903 2.18497 2.19731 -0.135789 2.25903 2.18497 2.19731 -0.135789 2.25903 2.18497 2.19731 -0.135789 2.23434 2.16028 2.17262 -0.135789 2.20966 2.13559 2.16028 -0.123444 2.222 2.14793 2.17262 -0.123444 2.25903 2.18497 2.19731 -0.135789 2.24669 2.17262 2.18497 -0.135789 2.25903 2.19731 2.19731 -0.123444 -0.123444 
2.23434 2.17262 2.18497 -0.123444 2.20966 2.17262 2.23434 -0.0740667 2.17262 2.13559 2.20966 -0.0617222 2.14793 2.07387 2.06152 -0.172822 2.30841 2.1109 1.98746 -0.345644 2.30841 2.13559 2.03683 -0.308611 2.23434 2.1109 2.08621 -0.197511 2.12324 2.12324 2.24669 0.0246889 2.12324 2.03683 2.02449 -0.160478 2.28372 2.17262 2.14793 -0.197511 2.29607 2.14793 2.04918 -0.308611 2.40717 2.27138 2.222 -0.246889 2.32076 2.19731 2.12324 -0.259233 -0.259233 
2.06152 1.96277 1.93808 -0.185167 2.17262 2.1109 2.12324 -0.135789 2.20966 2.09856 2.09856 -0.185167 2.3331 2.19731 2.19731 -0.197511 2.28372 2.09856 2.08621 -0.234544 2.17262 2.08621 2.03683 -0.185167 2.12324 2.06152 1.9998 -0.197511 2.14793 2.12324 2.12324 -0.1111 2.28372 2.14793 2.1109 -0.209856 2.39482 2.222 2.17262 -0.246889 2.35779 2.16028 1.9998 -0.370333 2.34544 2.16028 2.02449 -0.370333 2.18497 2.03683 1.91339 -0.320956 -0.320956 
2.1109 2.02449 2.03683 -0.148133 2.16028 2.07387 2.17262 -0.0617222 2.20966 2.06152 2.09856 -0.160478 2.25903 2.06152 2.08621 -0.234544 2.20966 1.96277 1.8887 -0.3333 2.25903 2.02449 1.98746 -0.259233 2.35779 2.06152 1.9998 -0.283922 2.37013 2.06152 1.93808 -0.370333 2.43186 2.07387 1.87636 -0.506122 2.39482 2.1109 1.91339 -0.481433 2.48123 2.20966 2.09856 -0.419711 2.35779 2.14793 2.09856 -0.320956 2.34544 2.13559 2.13559 -0.259233 -0.259233 
2.14793 1.93808 1.91339 -0.296267 2.03683 1.82698 1.7776 -0.320956 2.09856 1.81463 1.69119 -0.432056 2.14793 1.92573 1.81463 -0.395022 2.18497 1.91339 1.74057 -0.469089 2.20966 2.01214 1.98746 -0.234544 2.28372 2.02449 1.96277 -0.271578 2.3331 2.06152 1.9998 -0.283922 2.3331 2.07387 1.97511 -0.357989 2.37013 2.13559 2.02449 -0.395022 2.30841 2.1109 2.03683 -0.357989 2.28372 2.03683 1.8887 -0.469089 2.1109 1.85167 1.69119 -0.481433 -0.481433 
2.25903 1.8887 1.64181 -0.580189 2.35779 1.95042 1.72822 -0.5555 2.28372 1.92573 1.71588 -0.506122 2.222 1.90104 1.76526 -0.419711 2.13559 1.83932 1.65416 -0.469089 2.222 1.90104 1.69119 -0.493778 2.23434 1.91339 1.64181 -0.5555 2.3331 2.01214 1.80229 -0.493778 2.32076 1.9998 1.80229 -0.481433 2.38248 2.02449 1.80229 -0.518467 2.18497 1.86401 1.64181 -0.518467 2.16028 1.80229 1.56774 -0.567844 2.07387 1.75291 1.65416 -0.4444 -0.4444 
2.07387 1.86401 1.78994 -0.357989 2.16028 1.96277 1.97511 -0.259233 2.06152 1.83932 1.80229 -0.3333 2.06152 1.83932 1.80229 -0.3333 2.07387 1.83932 1.72822 -0.419711 2.08621 1.86401 1.72822 -0.419711 2.08621 1.87636 1.72822 -0.419711 1.9998 1.76526 1.60478 -0.456744 2.14793 1.8887 1.75291 -0.469089 2.29607 1.98746 1.80229 -0.567844 2.24669 2.01214 1.90104 -0.419711 2.1109 1.86401 1.75291 -0.432056 2.02449 1.81463 1.80229 -0.296267 -0.296267 
2.25903 1.87636 1.72822 -0.493778 2.14793 1.82698 1.6665 -0.481433 2.222 1.8887 1.74057 -0.481433 2.14793 1.85167 1.80229 -0.382678 2.1109 1.75291 1.62947 -0.530811 2.02449 1.6665 1.54306 -0.543156 2.14793 1.78994 1.61712 -0.592533 2.16028 1.86401 1.67884 -0.543156 2.222 1.95042 1.80229 -0.4444 2.222 1.91339 1.74057 -0.456744 2.24669 1.91339 1.7776 -0.432056 2.13559 1.7776 1.62947 -0.506122 2.07387 1.7776 1.76526 -0.370333 -0.370333 
2.25903 1.8887 1.76526 -0.506122 2.23434 1.83932 1.71588 -0.493778 2.07387 1.6665 1.51837 -0.530811 2.07387 1.64181 1.43196 -0.580189 2.16028 1.69119 1.39492 -0.715978 2.41951 1.92573 1.67884 -0.641911 2.41951 1.93808 1.70353 -0.6666 2.35779 1.90104 1.70353 -0.617222 2.14793 1.74057 1.53071 -0.641911 2.07387 1.72822 1.56774 -0.543156 2.02449 1.72822 1.65416 -0.432056 2.04918 1.74057 1.64181 -0.456744 2.06152 1.74057 1.61712 -0.4444 -0.4444 
2.23434 2.17262 2.17262 -0.135789 2.24669 2.19731 2.20966 -0.1111 2.27138 2.222 2.24669 -0.0987556 2.27138 2.222 2.24669 -0.0987556 2.25903 2.20966 2.222 -0.1111 2.25903 2.19731 2.222 -0.1111 2.25903 2.19731 2.20966 -0.123444 2.25903 2.18497 2.20966 -0.123444 2.28372 2.19731 2.19731 -0.135789 2.28372 2.20966 2.20966 -0.123444 2.28372 2.222 2.20966 -0.123444 2.27138 2.23434 2.24669 -0.0987556 2.28372 2.23434 2.24669 -0.1111 -0.1111 
2.25903 2.19731 2.222 -0.1111 2.13559 2.04918 2.01214 -0.185167 2.14793 2.14793 2.20966 -0.0493778 2.14793 2.1109 2.17262 -0.0864111 2.3331 2.28372 2.38248 -0.0246889 2.28372 2.1109 2.01214 -0.259233 2.29607 2.18497 2.12324 -0.172822 2.19731 2.13559 2.1109 -0.148133 2.17262 2.12324 2.14793 -0.1111 2.23434 2.17262 2.20966 -0.1111 2.23434 2.1109 2.04918 -0.246889 2.39482 2.27138 2.222 -0.246889 2.34544 2.17262 2.07387 -0.3333 -0.3333 
2.23434 2.1109 2.16028 -0.123444 2.25903 2.08621 2.04918 -0.259233 2.43186 2.20966 2.16028 -0.296267 2.3331 2.18497 2.16028 -0.234544 2.41951 2.25903 2.24669 -0.172822 2.34544 2.20966 2.16028 -0.197511 2.30841 2.13559 2.01214 -0.296267 2.20966 2.08621 1.90104 -0.357989 2.20966 2.1109 1.95042 -0.320956 2.16028 2.08621 2.02449 -0.209856 1.98746 1.95042 1.95042 -0.148133 2.08621 2.03683 2.13559 -0.0740667 2.13559 1.9998 1.95042 -0.271578 -0.271578 
2.4442 2.222 2.14793 -0.308611 2.45654 2.16028 1.98746 -0.419711 2.45654 2.18497 2.02449 -0.395022 2.27138 2.06152 1.96277 -0.3333 2.09856 2.01214 2.04918 -0.172822 2.03683 1.98746 2.06152 -0.1111 2.12324 1.98746 1.92573 -0.283922 2.30841 2.07387 1.85167 -0.456744 2.38248 2.09856 1.81463 -0.530811 2.48123 2.14793 1.93808 -0.469089 2.30841 2.02449 1.93808 -0.345644 2.14793 1.95042 2.07387 -0.1111 1.92573 1.83932 1.96277 -0.0740667 -0.0740667 
2.28372 2.03683 1.9998 -0.3333 2.38248 2.08621 1.92573 -0.493778 2.35779 2.08621 1.92573 -0.456744 2.20966 1.96277 1.81463 -0.432056 2.13559 1.95042 1.85167 -0.3333 2.16028 1.95042 1.87636 -0.357989 2.20966 1.98746 1.85167 -0.419711 2.25903 2.02449 1.95042 -0.357989 2.03683 1.87636 1.78994 -0.296267 2.01214 1.91339 1.98746 -0.0987556 1.98746 1.91339 1.93808 -0.160478 2.14793 2.04918 2.09856 -0.160478 2.18497 2.02449 2.01214 -0.271578 -0.271578 
2.50592 2.24669 2.17262 -0.357989 2.39482 2.1109 2.03683 -0.382678 2.28372 2.01214 1.98746 -0.345644 2.12324 1.83932 1.75291 -0.407367 2.09856 1.85167 1.7776 -0.357989 2.14793 1.91339 1.80229 -0.370333 2.18497 1.93808 1.87636 -0.345644 2.18497 1.92573 1.81463 -0.370333 2.20966 1.8887 1.65416 -0.518467 2.29607 1.97511 1.7776 -0.481433 2.30841 1.98746 1.80229 -0.493778 2.38248 2.06152 1.87636 -0.506122 2.32076 2.01214 1.7776 -0.567844 -0.567844 
2.3331 2.01214 1.82698 -0.518467 2.28372 1.95042 1.71588 -0.580189 2.3331 1.9998 1.72822 -0.592533 2.24669 1.97511 1.74057 -0.506122 2.19731 1.93808 1.72822 -0.493778 2.17262 1.8887 1.70353 -0.493778 2.14793 1.82698 1.64181 -0.506122 2.07387 1.78994 1.64181 -0.4444 2.08621 1.80229 1.65416 -0.456744 2.08621 1.78994 1.64181 -0.493778 2.12324 1.80229 1.65416 -0.530811 2.07387 1.75291 1.56774 -0.543156 1.98746 1.64181 1.40727 -0.617222 -0.617222 
2.17262 1.8887 1.71588 -0.456744 2.20966 1.92573 1.75291 -0.493778 2.17262 1.86401 1.6665 -0.543156 2.07387 1.80229 1.64181 -0.493778 2.03683 1.75291 1.56774 -0.493778 2.13559 1.85167 1.75291 -0.432056 2.14793 1.87636 1.7776 -0.395022 2.17262 1.87636 1.80229 -0.407367 2.12324 1.80229 1.65416 -0.469089 2.1109 1.7776 1.62947 -0.456744 1.96277 1.67884 1.58009 -0.395022 1.93808 1.70353 1.62947 -0.357989 2.06152 1.7776 1.69119 -0.407367 -0.407367 
2.1109 1.72822 1.60478 -0.506122 2.09856 1.70353 1.49368 -0.641911 2.07387 1.67884 1.45664 -0.604878 2.12324 1.72822 1.51837 -0.592533 2.20966 1.7776 1.64181 -0.567844 2.222 1.83932 1.7776 -0.518467 2.222 1.81463 1.71588 -0.5555 2.12324 1.78994 1.74057 -0.419711 2.18497 1.76526 1.62947 -0.543156 2.19731 1.78994 1.69119 -0.518467 2.18497 1.74057 1.53071 -0.6666 2.16028 1.75291 1.54306 -0.629567 2.16028 1.75291 1.54306 -0.604878 -0.604878 
4.23414 0.234544 2.29607 0.0987556 2.71578 1.82698 3.24659 1.25913 1.78994 2.18497 2.80219 0.753011 2.06152 2.14793 2.59233 0.382678 2.4442 2.16028 2.40717 0.1111 2.38248 2.18497 1.8887 -0.456744 2.23434 2.08621 1.59243 -0.6666 2.30841 2.03683 1.70353 -0.518467 2.54296 2.19731 2.09856 -0.296267 2.49358 2.19731 2.18497 -0.209856 2.4442 2.19731 2.13559 -0.246889 2.28372 2.07387 2.01214 -0.259233 2.24669 2.13559 2.01214 -0.3333 -0.3333 
6.36973 1.56774 5.19701 2.40717 1.97511 1.83932 1.93808 -0.3333 1.90104 2.09856 1.86401 -0.271578 2.16028 2.27138 2.09856 -0.234544 2.20966 2.18497 2.25903 -0.0246889 2.07387 2.04918 2.09856 -0.0740667 2.04918 2.08621 2.08621 -0.0864111 2.14793 2.1109 1.98746 -0.2222 2.32076 2.19731 2.03683 -0.296267 2.32076 2.18497 1.97511 -0.382678 2.24669 2.12324 1.93808 -0.382678 2.1109 2.02449 1.82698 -0.382678 2.23434 2.07387 1.97511 -0.283922 -0.283922 
-0.0123444 -0.0740667 2.17262 0.259233 1.25913 3.06142 1.25913 -2.13559 1.83932 1.85167 1.48133 -0.654256 2.71578 2.4442 2.09856 -0.357989 2.3331 2.222 2.04918 -0.197511 2.3331 2.35779 2.45654 0.1111 2.41951 2.27138 2.71578 0.469089 2.4442 2.28372 2.61702 0.3333 2.23434 2.24669 2.27138 0.0123444 2.02449 2.24669 2.03683 -0.2222 2.14793 2.35779 2.23434 -0.1111 2.222 2.37013 2.24669 -0.1111 2.38248 2.3331 2.35779 0.0246889 0.0246889 
2.62937 2.43186 5.69079 2.61702 1.60478 3.71568 3.27128 0.493778 2.01214 2.70343 3.28362 0.851767 2.16028 2.25903 2.61702 0.308611 2.14793 2.27138 2.1109 -0.1111 2.35779 2.27138 1.93808 -0.382678 2.17262 2.12324 1.87636 -0.259233 2.16028 2.09856 1.85167 -0.283922 2.17262 2.16028 2.04918 -0.0617222 2.29607 2.25903 2.24669 0.0246889 2.27138 2.24669 2.32076 0.1111 2.24669 2.19731 2.222 6.16791e-18 2.24669 2.20966 2.14793 -0.0493778 -0.0493778 
2.69109 3.06142 4.48103 2.75281 1.97511 1.86401 1.62947 -0.345644 2.14793 2.13559 1.43196 -0.641911 2.69109 2.25903 1.7776 -0.506122 2.6664 2.39482 1.98746 -0.4444 2.53061 2.45654 2.06152 -0.481433 2.64171 2.38248 2.3331 -0.123444 2.5553 2.20966 2.39482 0.123444 2.38248 2.20966 2.30841 0.0617222 2.28372 2.30841 2.23434 -0.0740667 2.24669 2.28372 2.04918 -0.259233 2.32076 2.3331 2.07387 -0.283922 2.30841 2.24669 1.96277 -0.357989 -0.357989 
1.67884 2.97501 -4.07367 -8.07327 2.75281 2.71578 -2.23434 -5.62907 3.64161 2.27138 -0.419711 -3.24659 3.35769 2.29607 0.580189 -2.18497 2.6664 2.1109 1.01224 -1.34554 2.34544 1.96277 1.45664 -0.543156 2.43186 1.98746 2.03683 0 2.39482 2.03683 2.17262 -0.0740667 2.18497 2.03683 2.01214 -0.209856 1.98746 1.90104 1.71588 -0.271578 2.18497 2.08621 1.96277 -0.185167 2.25903 2.13559 2.12324 -0.123444 2.41951 2.25903 2.28372 -0.0864111 -0.0864111 
0.1111 3.51817 0.617222 -1.97511 0.839422 1.86401 0.9999 -0.987556 1.4443 1.97511 1.62947 -0.5555 1.86401 1.81463 1.62947 -0.432056 2.03683 1.96277 1.85167 -0.395022 2.14793 2.01214 1.97511 -0.283922 2.20966 1.9998 2.20966 -0.0370333 2.17262 2.01214 2.19731 -0.0370333 2.1109 2.01214 2.07387 -0.172822 2.12324 1.9998 1.90104 -0.345644 2.06152 1.86401 1.76526 -0.370333 2.12324 1.87636 1.76526 -0.382678 2.13559 1.86401 1.75291 -0.382678 -0.382678 
0.703633 1.17272 3.81443 1.17272 3.32066 1.75291 2.43186 -0.0864111 2.78984 1.74057 2.01214 -0.160478 2.27138 1.80229 2.27138 0.3333 2.25903 1.8887 2.39482 0.296267 2.18497 1.98746 2.25903 0.0370333 2.19731 2.09856 2.16028 -0.148133 2.18497 2.01214 1.87636 -0.432056 2.30841 2.01214 1.81463 -0.518467 2.28372 1.98746 1.86401 -0.432056 2.27138 1.95042 1.81463 -0.4444 2.17262 1.87636 1.71588 -0.469089 2.20966 1.86401 1.61712 -0.592533 -0.592533 
2.24669 1.39492 2.16028 0.370333 2.81453 1.90104 2.72812 0.5555 2.46889 1.98746 2.56764 0.395022 2.06152 1.98746 2.46889 0.345644 2.07387 2.03683 2.48123 0.345644 2.12324 1.98746 2.29607 0.160478 2.03683 1.92573 1.9998 -0.123444 1.9998 2.02449 1.8887 -0.370333 2.06152 1.97511 1.75291 -0.506122 2.29607 1.97511 1.5554 -0.839422 2.3331 1.85167 1.45664 -0.839422 2.30841 1.86401 1.45664 -0.827078 2.23434 1.8887 1.6665 -0.543156 -0.543156 
3.61692 1.43196 2.9997 -0.802389 1.95042 2.04918 1.60478 -0.913489 1.71588 1.95042 1.30851 -0.678944 1.97511 1.78994 1.60478 -0.4444 1.98746 1.90104 1.81463 -0.320956 2.08621 2.01214 1.98746 -0.283922 2.222 2.04918 2.222 -0.0864111 2.25903 2.04918 2.18497 -0.123444 2.09856 1.98746 2.02449 -0.197511 2.01214 1.93808 1.86401 -0.3333 2.12324 1.9998 2.01214 -0.283922 2.12324 1.95042 1.96277 -0.271578 2.02449 1.86401 1.90104 -0.209856 -0.209856 
1.32086 1.80229 0.641911 -1.3332 1.80229 1.69119 1.24679 -0.827078 2.3331 1.81463 1.3332 -0.925833 2.23434 1.81463 1.37023 -0.839422 2.32076 1.92573 1.53071 -0.753011 2.41951 1.90104 1.72822 -0.518467 2.34544 1.8887 1.71588 -0.456744 2.08621 1.81463 1.62947 -0.4444 2.17262 1.96277 1.76526 -0.456744 2.222 1.98746 1.7776 -0.506122 2.38248 2.07387 1.86401 -0.530811 2.30841 1.97511 1.75291 -0.5555 2.40717 2.06152 1.91339 -0.493778 -0.493778 
1.43196 1.87636 2.69109 0.715978 1.49368 1.93808 2.80219 0.703633 1.86401 2.07387 2.85157 0.654256 1.92573 2.03683 2.59233 0.345644 1.97511 2.07387 2.56764 0.345644 1.90104 1.93808 2.30841 0.160478 1.98746 2.04918 2.38248 0.148133 2.04918 1.95042 2.1109 -0.0740667 2.01214 1.92573 1.96277 -0.2222 2.09856 1.8887 1.83932 -0.320956 2.12324 1.8887 1.75291 -0.432056 2.06152 1.76526 1.62947 -0.456744 2.09856 1.7776 1.59243 -0.530811 -0.530811 
0.975211 1.54306 2.65406 1.02459 1.45664 1.6665 2.56764 0.691289 1.48133 1.61712 2.34544 0.456744 1.71588 1.97511 2.50592 0.357989 1.83932 1.91339 2.32076 0.185167 1.9998 1.86401 2.12324 -0.0370333 1.80229 1.6665 1.97511 0.0246889 1.7776 1.67884 1.93808 -0.0740667 1.80229 1.71588 1.95042 -0.0987556 1.90104 1.74057 1.8887 -0.209856 1.85167 1.60478 1.70353 -0.259233 1.8887 1.64181 1.69119 -0.271578 1.91339 1.59243 1.5554 -0.419711 -0.419711 
2.09856 2.13559 1.82698 -0.715978 1.9998 2.01214 1.74057 -0.715978 1.85167 2.02449 1.69119 -0.506122 2.20966 1.98746 2.01214 -0.259233 2.08621 1.92573 1.81463 -0.345644 1.93808 1.83932 1.80229 -0.259233 2.06152 1.8887 1.98746 -0.148133 2.18497 1.98746 2.19731 -0.0493778 2.222 2.03683 2.09856 -0.209856 2.14793 2.02449 2.04918 -0.209856 2.13559 1.96277 1.93808 -0.283922 2.14793 1.91339 1.86401 -0.3333 2.14793 1.86401 1.72822 -0.4444 -0.4444 
2.5553 2.74047 2.28372 0.296267 2.69109 1.74057 2.12324 -0.0246889 2.37013 2.07387 1.75291 -0.5555 2.35779 1.91339 1.72822 -0.518467 2.41951 2.01214 1.70353 -0.604878 2.41951 2.03683 1.61712 -0.740667 2.41951 1.98746 1.56774 -0.802389 2.46889 2.02449 1.72822 -0.6666 2.54296 2.04918 1.8887 -0.5555 2.40717 1.96277 1.75291 -0.580189 2.35779 1.95042 1.71588 -0.604878 2.35779 1.98746 1.71588 -0.604878 2.3331 2.01214 1.78994 -0.543156 -0.543156 
4.444 9.52991 17.2946 13.8752 3.72802 1.34554 4.02429 1.43196 2.09856 1.17272 3.60458 1.83932 2.12324 2.41951 3.01204 0.6666 1.9998 2.07387 2.39482 0.271578 2.32076 2.19731 2.50592 0.148133 2.12324 1.96277 1.83932 -0.407367 2.37013 2.12324 1.76526 -0.703633 2.43186 2.06152 1.70353 -0.691289 2.67874 2.17262 1.96277 -0.543156 2.43186 2.02449 1.85167 -0.469089 2.25903 1.93808 1.71588 -0.530811 2.23434 1.98746 1.83932 -0.432056 -0.432056 
3.45644 1.07397 -3.23424 -5.72782 3.82678 1.34554 -0.271578 -2.57999 3.24659 1.75291 1.23444 -1.01224 2.62937 1.93808 1.78994 -0.493778 2.32076 1.93808 2.03683 -0.2222 2.43186 1.92573 2.14793 -0.1111 2.35779 1.90104 1.9998 -0.246889 2.17262 1.78994 1.56774 -0.604878 2.28372 1.93808 1.50602 -0.864111 2.43186 1.91339 1.54306 -0.814733 2.57999 1.95042 1.72822 -0.654256 2.40717 1.83932 1.69119 -0.543156 2.34544 1.92573 1.74057 -0.5555 -0.5555 
0.2222 -0.2222 -1.30851 -1.19741 0.209856 -0.0370333 -1.01224 -0.950522 0.0493778 0.135789 -0.432056 -0.160478 -8.5547 -5.56734 -3.51817 6.7771 -22.5286 -13.3197 -5.30811 20.714 -22.9483 -13.6776 -6.1105 20.1955 -14.5911 -7.67824 -2.34544 14.2578 -0.493778 0.3333 -0.148133 0.617222 0.0493778 0.851767 0.740667 0.938178 0.308611 0.876456 0.753011 0.518467 0.296267 0.962867 0.962867 0.678944 0.382678 1.03693 1.04928 0.6666 0.456744 1.111 1.09866 0.629567 0.629567 
-31.8857 -41.4773 -45.7609 -16.4428 -36.8975 -45.2918 -50.1431 -16.1836 -26.6763 -32.4906 -36.5025 -11.9371 -10.715 -15.6774 -19.0104 -8.70283 -3.38238 -7.87576 -10.4804 -6.97461 -3.7774 -8.888 -11.4556 -7.51777 -3.90084 -9.32006 -11.7025 -7.69059 -3.93788 -9.39412 -11.6532 -7.62887 -4.02429 -9.46819 -11.7396 -7.65356 -4.12304 -9.59163 -11.9494 -7.80169 -4.18477 -9.72742 -12.0976 -7.92513 -4.18477 -9.7768 -12.1099 -7.92513 -4.17242 -9.75211 -12.0358 -7.86341 -7.86341 
-37.9468 -43.724 -41.2798 -5.93768 -32.935 -35.8236 -32.935 -3.19721 -17.5908 -17.1958 -14.5788 0.395022 1.46899 2.53061 3.87616 1.3332 1.24679 1.82698 2.85157 0.975211 1.85167 1.8887 2.53061 0.407367 1.8887 1.93808 2.30841 0.148133 2.07387 1.9998 2.25903 0.0123444 2.13559 1.95042 2.04918 -0.209856 2.09856 1.92573 1.81463 -0.4444 2.06152 1.87636 1.62947 -0.604878 2.13559 1.92573 1.67884 -0.580189 2.19731 1.92573 1.76526 -0.493778 -0.493778 
-23.1458 -26.0221 -25.516 -2.56764 -17.1341 -19.6153 -18.8253 -1.85167 0.432056 -0.246889 -0.0864111 -0.271578 2.16028 1.95042 2.60468 0.407367 1.82698 1.71588 2.23434 0.283922 1.91339 1.92573 2.46889 0.320956 1.82698 1.86401 2.19731 0.0617222 1.65416 1.85167 2.09856 -0.0246889 1.65416 1.85167 2.12324 -0.0123444 1.76526 1.82698 2.12324 -0.0123444 1.8887 1.86401 2.14793 -0.0370333 1.95042 1.83932 2.02449 -0.160478 2.01214 1.83932 1.97511 -0.209856 -0.209856 
-37.8604 -44.9585 -40.2429 -6.54256 -32.3795 -37.5765 -33.1078 -4.12304 -17.7266 -21.0102 -18.4796 -2.35779 1.49368 -0.271578 -1.111 -1.6665 1.93808 0.814733 0.0740667 -1.61712 1.86401 1.08631 0.802389 -1.04928 1.74057 0.938178 0.8888 -0.839422 1.5554 0.814733 0.876456 -0.691289 1.37023 0.678944 0.802389 -0.654256 1.3332 0.641911 0.802389 -0.629567 1.3332 0.617222 0.790044 -0.641911 1.41961 0.728322 0.814733 -0.6666 1.5554 0.8888 0.839422 -0.740667 -0.740667 
2.18497 1.78994 1.64181 -0.567844 2.17262 1.85167 1.74057 -0.493778 2.14793 1.82698 1.67884 -0.530811 2.1109 1.80229 1.61712 -0.5555 2.32076 1.98746 1.7776 -0.592533 2.38248 1.96277 1.69119 -0.703633 2.43186 1.97511 1.72822 -0.715978 2.32076 1.85167 1.61712 -0.715978 2.25903 1.83932 1.6665 -0.641911 2.17262 1.76526 1.58009 -0.641911 2.23434 1.76526 1.5554 -0.691289 2.34544 1.82698 1.5554 -0.765356 2.39482 1.86401 1.56774 -0.790044 -0.790044 
-26.1455 -28.6144 -32.4535 -5.3328 -14.6282 -16.1712 -18.4549 -3.35769 2.18497 1.67884 1.25913 -0.901144 2.04918 1.78994 1.2221 -0.938178 2.14793 1.67884 1.06162 -1.06162 2.18497 1.67884 1.25913 -0.8888 2.30841 1.67884 1.39492 -0.765356 2.37013 1.6665 1.39492 -0.753011 2.30841 1.70353 1.38258 -0.7777 2.20966 1.69119 1.37023 -0.7777 2.09856 1.6665 1.38258 -0.728322 2.07387 1.6665 1.40727 -0.691289 2.03683 1.6665 1.43196 -0.6666 -0.6666 
2.16028 1.86401 1.70353 -0.345644 2.18497 1.95042 1.83932 -0.345644 2.19731 1.90104 1.80229 -0.395022 2.3331 2.01214 1.97511 -0.407367 2.23434 1.90104 1.81463 -0.456744 2.28372 1.93808 1.81463 -0.506122 2.30841 1.97511 1.80229 -0.543156 2.43186 2.03683 1.83932 -0.617222 2.37013 1.97511 1.7776 -0.617222 2.37013 1.93808 1.72822 -0.654256 2.35779 1.93808 1.75291 -0.629567 2.43186 2.01214 1.85167 -0.580189 2.39482 2.01214 1.86401 -0.5555 -0.5555 
-30.1698 -33.8855 -33.6386 -4.12304 -16.7884 -17.813 -17.5044 -1.46899 1.27148 1.38258 1.85167 0.148133 1.78994 1.82698 1.90104 -0.246889 2.04918 1.6665 1.49368 -0.604878 2.19731 1.75291 1.64181 -0.530811 2.38248 1.75291 1.62947 -0.592533 2.46889 1.76526 1.53071 -0.691289 2.4442 1.7776 1.34554 -0.901144 2.35779 1.75291 1.18507 -1.02459 2.32076 1.7776 1.23444 -0.9999 2.28372 1.75291 1.28382 -0.925833 2.27138 1.74057 1.3332 -0.876456 -0.876456 
-2.78984 0.135789 0.567844 3.92553 -16.2823 -7.76466 -9.72742 7.92513 -30.2439 -14.3072 -18.3562 13.369 -27.38 -13.4061 -18.171 10.9866 -15.2084 -5.82658 -8.1103 8.06092 -2.03683 0.382678 0.5555 3.5552 -0.876456 1.43196 2.38248 3.67864 -0.493778 1.38258 2.56764 3.57989 -0.691289 1.28382 2.43186 3.70333 -0.913489 1.16038 2.34544 3.91319 -0.938178 1.17272 2.34544 3.96257 -0.802389 1.29617 2.4442 3.82678 -0.641911 1.43196 2.5553 3.74037 3.74037 
-30.4908 -14.9862 -19.9857 11.505 -28.3305 -13.6653 -16.7391 12.579 -16.8625 -6.76476 -6.85117 10.6779 -2.90094 0.518467 3.29597 6.85117 -2.87626 0.901144 2.30841 5.83892 -3.27128 0.715978 2.13559 5.9994 -3.45644 0.629567 2.18497 6.23394 -3.43176 0.654256 2.23434 6.18457 -3.27128 0.728322 2.34544 6.07347 -3.2219 0.678944 2.37013 6.13519 -3.24659 0.629567 2.38248 6.25863 -3.32066 0.543156 2.3331 6.34504 -3.30831 0.5555 2.34544 6.34504 6.34504 
-30.8611 -45.9707 -47.9829 -19.603 -40.6503 -56.0808 -57.3276 -21.0349 -49.1432 -65.9687 -66.981 -23.5285 -43.4401 -60.0434 -60.5989 -21.5164 -34.6755 -50.1555 -50.2049 -18.8993 -23.8495 -37.8481 -37.811 -15.4552 -23.8124 -38.132 -38.5023 -16.3687 -23.5285 -38.169 -38.7616 -16.4551 -23.5285 -38.0209 -38.3912 -16.2823 -23.6766 -38.3048 -38.7986 -16.5045 -23.5038 -38.0209 -38.49 -16.344 -23.4051 -37.8728 -38.3172 -16.2453 -23.2446 -37.5765 -38.0209 -16.1095 -16.1095 
-18.8623 -28.3305 -29.9106 -12.7888 -30.7006 -44.44 -48.489 -20.7016 -37.5395 -52.7602 -59.5743 -25.7135 -46.9459 -64.5985 -73.2149 -31.1327 -44.6869 -60.8705 -69.3017 -29.4292 -37.058 -54.081 -59.599 -25.8122 -26.3554 -42.1439 -44.835 -20.1091 -24.5654 -42.6007 -43.3907 -19.7511 -24.5284 -41.4897 -42.2797 -19.1709 -23.9606 -40.4281 -40.749 -18.3685 -23.8742 -40.0824 -40.2799 -18.0352 -23.8371 -40.033 -40.3416 -18.0723 -23.8124 -39.959 -40.317 -18.0599 -18.0599 
-34.3546 -48.884 -53.5132 -22.5163 -37.5395 -52.7602 -59.5743 -25.7135 -46.9459 -64.5985 -73.2149 -31.1327 -41.0329 -56.4265 -64.2775 -27.6145 -37.058 -54.081 -59.599 -25.8122 -26.3554 -42.1439 -44.835 -20.1091 -24.5654 -42.6007 -43.3907 -19.7511 -24.5284 -41.4897 -42.2797 -19.1709 -23.9606 -40.4281 -40.749 -18.3685 -23.8742 -40.0824 -40.2799 -18.0352 -23.8371 -40.033 -40.3416 -18.0723 -23.8124 -39.959 -40.317 -18.0599 -23.9359 -40.1441 -40.4527 -18.1216 -18.1216 
-26.343 -29.9353 -31.0463 -4.81433 -15.6404 -18.3685 -19.7635 -3.83912 2.19731 0.691289 -0.740667 -2.12324 2.70343 1.48133 0.357989 -1.72822 2.51827 1.64181 0.864111 -1.27148 2.32076 1.6665 1.02459 -1.08631 2.27138 1.6665 1.12334 -0.962867 2.27138 1.67884 1.23444 -0.864111 2.24669 1.72822 1.41961 -0.715978 2.24669 1.80229 1.62947 -0.543156 2.19731 1.80229 1.70353 -0.469089 2.16028 1.81463 1.70353 -0.456744 2.03683 1.75291 1.60478 -0.493778 -0.493778 
-6.56724 -7.85107 -13.4431 -6.91289 -19.5166 -23.4298 -37.3913 -16.5292 -29.9353 -36.1075 -56.8709 -24.6519 -22.7138 -26.9973 -42.8723 -18.566 -9.40647 -10.9989 -18.4549 -8.78924 1.14803 1.56774 0.790044 -0.913489 1.82698 2.04918 1.74057 -0.641911 1.78994 1.78994 1.30851 -0.851767 1.74057 1.81463 1.39492 -0.728322 1.85167 1.80229 1.4443 -0.6666 1.98746 1.78994 1.46899 -0.617222 2.06152 1.74057 1.40727 -0.6666 2.07387 1.70353 1.37023 -0.678944 -0.678944 
-30.4414 -37.4777 -30.6883 -4.20946 -45.7609 -51.1677 -40.5392 -1.5554 -38.5394 -43.3043 -34.9224 -2.29607 -25.1086 -31.3672 -26.8615 -5.7772 -10.1348 -18.6031 -17.6402 -8.76456 -9.12254 -17.7637 -16.8749 -8.39422 -8.20906 -16.9242 -15.949 -7.87576 -8.15968 -17.1217 -16.1095 -7.91279 -8.34484 -17.5291 -16.4305 -8.02389 -8.24609 -17.4797 -16.344 -7.94982 -7.9992 -17.1958 -16.0354 -7.80169 -7.87576 -16.9366 -15.8009 -7.70293 -7.96217 -16.9736 -15.875 -7.76466 -7.76466 
-3.9996 -9.06082 -12.4926 -7.53011 -4.24649 -9.40647 -12.9123 -7.67824 -4.56744 -10.0237 -13.727 -8.09796 -4.95012 -10.7026 -14.6775 -8.56704 -5.30811 -11.3816 -15.5293 -8.94972 -5.86361 -12.1099 -16.4181 -9.25833 -6.41911 -13.0234 -17.455 -9.6657 -7.09806 -14.0356 -18.6525 -10.1101 -7.67824 -15.1096 -19.8992 -10.6162 -8.41891 -16.1959 -21.1584 -11.0359 -9.18427 -17.3563 -22.5656 -11.5791 -10.0854 -18.6401 -24.084 -12.1099 -11.0359 -20.0844 -25.8122 -12.7395 -12.7395 
-17.3193 -29.1699 -36.4655 -16.3194 -18.8993 -31.3796 -39.0949 -17.1711 -20.788 -33.9102 -41.9835 -17.9365 -23.01 -36.7247 -45.193 -18.7142 -25.5407 -39.8108 -48.6001 -19.4302 -28.3675 -43.008 -52.2047 -20.1091 -31.7623 -46.662 -56.1178 -20.5412 -35.3668 -50.4888 -60.3026 -20.9856 -39.4158 -54.0934 -63.8455 -20.5658 -43.6746 -57.451 -67.0921 -19.7758 -47.8594 -60.4631 -69.7955 -18.6401 -39.243 -51.3899 -60.2285 -17.7019 -28.3428 -39.5763 -48.1433 -16.9983 -16.9983 
1.83932 0.654256 0.802389 -0.567844 1.6665 0.506122 0.691289 -0.506122 1.76526 0.506122 0.691289 -0.5555 1.69119 0.407367 0.592533 -0.5555 1.71588 0.370333 0.617222 -0.518467 1.5554 0.197511 0.456744 -0.506122 1.35789 0.0493778 0.357989 -0.419711 1.38258 0.0246889 0.283922 -0.456744 1.30851 -0.0617222 0.185167 -0.456744 1.32086 -0.1111 0.185167 -0.432056 1.07397 -0.3333 0.0617222 -0.3333 0.987556 -0.469089 -0.0123444 -0.296267 0.8888 -0.592533 -0.148133 -0.308611 -0.308611 
1.30851 -0.0617222 0.185167 -0.456744 1.32086 -0.1111 0.185167 -0.432056 1.07397 -0.3333 0.0617222 -0.3333 0.987556 -0.469089 -0.0123444 -0.296267 0.876456 -0.617222 -0.197511 -0.308611 0.740667 -0.827078 -0.481433 -0.419711 0.469089 -1.16038 -0.790044 -0.382678 0.345644 -1.34554 -0.8888 -0.345644 0.296267 -1.45664 -0.8888 -0.234544 0.259233 -1.48133 -0.913489 -0.2222 0.123444 -1.65416 -1.04928 -0.172822 -0.0370333 -1.81463 -1.23444 -0.160478 -0.123444 -1.97511 -1.30851 -0.0987556 -0.0987556 
-0.123444 -1.97511 -1.30851 -0.0987556 -0.432056 -2.27138 -1.65416 -0.123444 -0.604878 -2.57999 -1.93808 -0.172822 -0.950522 -2.95032 -2.39482 -0.271578 -1.06162 -3.14783 -2.51827 -0.246889 -1.43196 -3.54286 -2.86391 -0.209856 -1.74057 -3.85147 -3.07377 -0.0740667 -2.19731 -4.29587 -3.56754 -0.135789 -2.5553 -4.61682 -3.91319 -0.1111 -3.01204 -5.12294 -4.48103 -0.160478 -3.4441 -5.57969 -4.87606 -0.0617222 -4.02429 -6.17222 -5.45624 -0.0370333 -4.50572 -6.71538 -5.87596 0.0493778 0.0493778 
-11.6408 -14.5788 -12.8012 1.02459 -13.3443 -16.4551 -14.5418 1.16038 -15.2701 -18.5907 -16.4428 1.39492 -17.4057 -21.0226 -18.7512 1.46899 -19.961 -23.8865 -21.3559 1.6665 -23.0471 -27.3183 -24.6025 1.78994 -26.6517 -31.3425 -28.4293 1.8887 -30.9969 -36.1569 -33.0337 1.97511 -36.0211 -41.7613 -38.4159 2.01214 -41.9464 -48.2051 -44.6869 2.06152 -46.0448 -52.6984 -49.1432 2.01214 -36.342 -40.9959 -38.2678 1.61712 -24.8123 -27.0467 -25.1086 1.67884 1.67884 
2.29607 2.04918 2.01214 -0.246889 2.08621 1.91339 1.9998 -2.15877e-17 2.09856 1.8887 2.08621 0.148133 2.02449 1.87636 2.18497 0.345644 1.76526 1.67884 2.1109 0.567844 1.38258 1.39492 2.07387 0.987556 0.938178 1.01224 1.91339 1.39492 0.6666 0.814733 2.02449 1.97511 0.2222 0.506122 1.96277 2.51827 -0.0987556 0.3333 2.17262 3.24659 -0.518467 0.0740667 2.30841 3.98726 -0.950522 -0.1111 2.71578 5.02419 -1.61712 -0.370333 3.08611 6.2216 6.2216 
-3.8885 -1.38258 3.85147 9.40647 -4.65386 -1.80229 3.78974 10.2459 -5.23404 -2.18497 3.62927 10.8508 -6.06112 -2.78984 2.96267 11.11 -6.75241 -3.333 2.32076 11.1594 -7.43136 -3.86381 1.38258 10.789 -7.57949 -4.27118 0.4444 10.0113 -8.13499 -5.04888 -1.07397 9.01144 -8.82628 -5.98706 -2.57999 8.24609 -9.7768 -6.92523 -3.82678 7.9992 -10.6162 -7.80169 -4.87606 7.92513 -11.6778 -8.72752 -5.96237 8.01154 -12.8382 -9.7768 -7.20916 8.04858 8.04858 
-15.2207 -11.863 -9.46819 8.5547 -15.9614 -11.8383 -9.32006 9.2213 -16.7144 -11.431 -8.51767 10.4434 -18.4056 -11.5174 -8.20906 12.0852 -20.3807 -11.7766 -7.96217 13.9986 -22.5286 -12.2951 -8.09796 15.7145 -24.4543 -12.8259 -8.28312 17.1588 -26.8121 -13.8998 -9.86321 17.5291 -30.7006 -16.4181 -13.5542 17.3193 -35.552 -19.677 -18.6525 16.6403 -41.0329 -23.7631 -24.8741 15.5046 -46.1929 -27.5528 -31.429 13.5542 -51.3282 -31.3302 -37.8357 11.5791 11.5791 
-51.6492 -31.4166 -40.7367 7.34494 -50.1555 -30.1081 -39.8108 6.4438 -49.7481 -29.8118 -39.7861 5.81423 -49.6 -29.6267 -39.7985 5.45624 -49.3654 -29.4909 -39.7985 5.08591 -49.0815 -29.0094 -39.4405 5.03653 -48.7852 -28.6885 -39.1566 4.96247 -48.6124 -28.528 -38.9961 4.90074 -48.5137 -28.6885 -39.1566 4.65386 -48.3532 -28.4539 -39.1319 4.41931 -48.3162 -28.5774 -39.1195 4.40697 -48.094 -28.2688 -38.6134 4.72792 -47.9458 -28.133 -38.2184 5.03653 5.03653 
1.70353 1.24679 1.03693 -0.691289 1.50602 0.975211 0.715978 -0.814733 1.49368 0.938178 0.604878 -0.901144 1.48133 0.962867 0.604878 -0.8888 1.46899 1.03693 0.6666 -0.839422 1.29617 0.864111 0.3333 -1.03693 1.04928 0.654256 0.0123444 -1.18507 0.814733 0.395022 -0.296267 -1.29617 0.419711 -0.0370333 -0.703633 -1.35789 -0.0246889 -0.604878 -1.38258 -1.61712 -0.4444 -1.29617 -2.29607 -2.12324 -0.753011 -1.87636 -3.16018 -2.71578 -1.16038 -2.56764 -4.23414 -3.40707 -3.40707 
-3.30831 -5.14763 -7.78934 -4.9995 -3.9996 -6.09816 -8.90034 -5.4439 -4.62917 -7.27088 -10.1718 -6.04878 -5.28342 -8.69049 -11.5297 -6.666 -6.02409 -10.2335 -12.8753 -7.18447 -7.02399 -11.9988 -14.4183 -7.69059 -8.29547 -14.1714 -16.5292 -8.49298 -10.0484 -17.06 -19.7141 -9.8879 -12.2457 -20.6769 -23.8618 -11.7766 -14.8751 -24.8864 -28.7502 -13.9863 -18.4179 -30.3673 -34.9965 -16.7884 -23.3557 -37.0827 -42.4896 -19.6647 -29.4168 -42.7365 -47.9952 -20.0474 -20.0474 
-14.8751 -24.8864 -28.7502 -13.9863 -19.8128 -31.6018 -36.2433 -16.8625 -23.3557 -37.0827 -42.4896 -19.6647 -29.4168 -42.7365 -47.9952 -20.0474 -34.404 -45.7238 -50.2542 -18.2945 -44.9585 -53.5625 -57.2288 -16.5786 -54.0193 -60.1545 -62.969 -14.8874 -58.5991 -62.2654 -64.3886 -12.9987 -44.2672 -50.5135 -52.1059 -12.9246 -27.2689 -36.2433 -39.3047 -14.2702 -11.8754 -24.084 -28.2071 -15.9737 -12.1099 -23.6396 -28.7749 -16.4181 -12.1593 -23.8495 -28.5404 -16.344 -16.344 
0.925833 0.0493778 -0.370333 -1.27148 -10.4187 -14.1344 -16.986 -6.34504 -27.5281 -33.4905 -39.3911 -11.7149 -26.5282 -32.2067 -38.6381 -11.9988 -15.159 -17.6649 -21.5164 -6.48083 2.1109 1.6665 0.975211 -1.01224 2.32076 2.29607 2.5553 0.283922 2.17262 1.81463 1.93808 -0.185167 2.04918 1.83932 1.8887 -0.259233 2.06152 1.82698 1.82698 -0.308611 2.20966 1.93808 1.86401 -0.345644 2.27138 2.01214 1.85167 -0.419711 2.29607 2.03683 1.81463 -0.493778 -0.493778 
1.20976 0.901144 0.6666 -0.728322 0.950522 0.604878 0.370333 -0.765356 0.7777 0.3333 -0.0493778 -0.987556 0.345644 -0.160478 -0.617222 -1.12334 -0.678944 -1.34554 -1.97511 -1.46899 -2.25903 -3.12314 -3.91319 -1.87636 -4.62917 -5.80189 -6.81413 -2.48123 -7.56714 -9.24599 -10.4681 -3.24659 -11.7519 -14.3689 -15.8379 -4.41931 -17.6772 -21.5534 -23.3433 -5.96237 -26.0221 -31.5524 -33.8732 -8.09796 -37.2185 -43.7981 -46.6003 -9.76446 -48.131 -54.4637 -57.2782 -9.91259 -9.91259 
2.07387 1.75291 1.51837 -0.617222 2.01214 1.69119 1.40727 -0.691289 1.92573 1.58009 1.28382 -0.740667 1.96277 1.58009 1.27148 -0.753011 2.01214 1.62947 1.32086 -0.765356 2.07387 1.64181 1.29617 -0.827078 2.08621 1.61712 1.25913 -0.851767 2.08621 1.51837 1.111 -0.938178 2.04918 1.48133 1.06162 -0.975211 1.97511 1.39492 0.975211 -1.01224 1.92573 1.43196 1.07397 -0.913489 1.96277 1.45664 1.12334 -0.901144 1.92573 1.43196 1.12334 -0.864111 -0.864111 
1.54306 0.123444 -0.925833 -2.40717 1.45664 9.86865e-17 -1.12334 -2.50592 1.50602 -0.1111 -1.34554 -2.74047 1.4443 -0.296267 -1.65416 -2.95032 1.49368 -0.357989 -1.7776 -3.08611 1.35789 -0.567844 -2.04918 -3.25893 1.28382 -0.728322 -2.29607 -3.43176 1.13569 -0.938178 -2.60468 -3.61692 1.04928 -1.08631 -2.86391 -3.75271 0.962867 -1.2221 -3.02439 -3.83912 0.913489 -1.41961 -3.32066 -4.06132 0.802389 -1.6665 -3.6663 -4.30821 0.629567 -2.01214 -4.2218 -4.6662 -4.6662 
-0.0370333 -3.03673 -5.71548 -5.4439 -0.123444 -3.32066 -6.19691 -5.80189 -0.308611 -3.6663 -6.75241 -6.18457 -0.493778 -3.8885 -7.02399 -6.29567 -0.691289 -4.2218 -7.56714 -6.65366 -0.913489 -4.56744 -8.12264 -7.04868 -1.19741 -5.14763 -9.1102 -7.86341 -1.54306 -5.71548 -9.91259 -8.40657 -1.93808 -6.40677 -10.9248 -8.98676 -2.23434 -7.03633 -11.9618 -9.60398 -2.60468 -7.75231 -13.1098 -10.2829 -2.93798 -8.41891 -14.2085 -10.9866 -3.45644 -9.23364 -15.4429 -11.6655 -11.6655 
-10.2582 -21.0102 -32.7128 -21.4793 -12.8629 -25.2938 -38.6998 -24.7876 -15.3688 -29.1699 -43.9339 -27.6392 -18.2698 -33.5152 -49.6987 -30.6636 -20.5535 -36.5519 -53.6736 -32.614 -23.0965 -39.2183 -56.8091 -33.5275 -25.8616 -42.1069 -60.2285 -34.5644 -29.0094 -45.3165 -63.8825 -35.4532 -32.3301 -48.9457 -68.1166 -36.7124 -35.9223 -52.1553 -71.4003 -36.9469 -39.7861 -55.4389 -74.5604 -36.9222 -44.0079 -59.241 -78.3502 -37.1938 -48.8963 -64.8207 -84.4607 -38.922 -38.922 
1.70353 0.814733 0.481433 -1.111 1.69119 0.703633 0.419711 -1.12334 1.54306 0.567844 0.345644 -1.02459 1.48133 0.530811 0.345644 -0.987556 1.48133 0.543156 0.382678 -0.962867 1.45664 0.357989 0.1111 -1.19741 1.41961 0.1111 -0.283922 -1.50602 1.27148 -0.197511 -0.802389 -1.83932 1.25913 -0.296267 -1.02459 -2.03683 1.16038 -0.357989 -1.18507 -2.09856 1.09866 -0.370333 -1.29617 -2.20966 0.913489 -0.395022 -1.39492 -2.17262 0.802389 -0.407367 -1.45664 -2.17262 -2.17262 
0.481433 -0.543156 -1.4443 -1.87636 0.4444 -0.839422 -1.72822 -2.09856 0.407367 -1.02459 -1.93808 -2.25903 0.345644 -1.48133 -2.54296 -2.72812 0.0493778 -2.04918 -3.09846 -2.98736 -0.370333 -3.13549 -4.20946 -3.59223 -0.913489 -4.53041 -5.6661 -4.49338 -1.53071 -6.25863 -7.57949 -5.69079 -2.27138 -8.19671 -9.64101 -6.97461 -3.12314 -10.32 -11.9494 -8.34484 -4.1107 -12.7024 -14.406 -9.75211 -5.41921 -15.6404 -17.4427 -11.4063 -7.07337 -19.282 -21.0843 -13.3443 -13.3443 
-11.7889 -30.4414 -33.1325 -20.3066 -11.5421 -30.6636 -33.688 -20.9979 -10.7026 -29.1329 -32.1573 -20.2943 -10.0731 -27.8614 -30.8241 -19.6153 -9.81383 -27.1825 -30.1328 -19.2573 -9.59163 -26.7257 -29.6637 -19.0351 -9.43116 -26.3677 -29.3057 -18.8623 -9.27068 -26.0591 -28.9601 -18.6771 -9.14723 -25.7999 -28.7008 -18.529 -9.06082 -25.6024 -28.5033 -18.4179 -8.98676 -25.4172 -28.3182 -18.3068 -8.92503 -25.2691 -28.1453 -18.2081 -8.87566 -25.1333 -27.9972 -18.1093 -18.1093 
1.38258 0.691289 0.172822 -1.12334 1.20976 0.617222 0.0246889 -1.13569 0.864111 0.395022 -0.246889 -1.12334 0.543156 0.209856 -0.432056 -1.04928 0.271578 -0.0617222 -0.4444 -0.851767 0.0493778 -0.3333 -0.506122 -0.740667 -0.123444 -0.580189 -0.481433 -0.580189 -0.160478 -0.6666 -0.5555 -0.592533 -0.123444 -0.678944 -0.530811 -0.592533 -0.0370333 -0.6666 -0.629567 -0.740667 -0.0123444 -0.678944 -0.654256 -0.753011 0.0123444 -0.715978 -0.715978 -0.790044 -0.135789 -1.37023 -1.54306 -1.39492 -1.39492 
-1.97511 -6.65366 -7.86341 -5.555 -2.61702 -8.70283 -10.3323 -7.28322 -2.93798 -9.91259 -11.9371 -8.48063 -3.04908 -10.4064 -12.7395 -9.14723 -2.90094 -9.96197 -12.3074 -8.87566 -2.74047 -9.5546 -11.8877 -8.62877 -2.65406 -9.30771 -11.6408 -8.49298 -2.5553 -9.08551 -11.431 -8.40657 -2.54296 -8.97441 -11.3075 -8.34484 -2.48123 -8.83862 -11.1717 -8.25843 -2.41951 -8.71518 -11.0606 -8.19671 -2.35779 -8.61642 -10.9619 -8.14733 -2.3331 -8.54236 -10.8878 -8.1103 -8.1103 
1.51837 1.56774 1.41961 -0.0123444 1.23444 1.43196 1.28382 0.0987556 1.04928 1.32086 1.14803 0.123444 0.864111 1.23444 0.975211 0.0617222 0.827078 1.18507 0.8888 -9.25186e-18 0.827078 1.20976 0.864111 -0.0246889 0.740667 1.17272 0.851767 0.0740667 0.592533 1.01224 0.6666 0.0864111 0.493778 0.901144 0.604878 0.172822 0.308611 0.629567 0.308611 0.0864111 0.320956 0.6666 0.3333 0.0987556 0.283922 0.790044 0.6666 0.493778 0.148133 0.827078 0.925833 0.913489 0.913489 
-1.39492 -0.543156 0.493778 2.76516 -2.12324 -1.24679 0.0370333 3.41941 -2.96267 -2.16028 -0.790044 3.87616 -3.85147 -3.06142 -1.60478 4.40697 -4.85137 -3.92553 -2.40717 4.97481 -6.08581 -4.59213 -2.97501 5.71548 -7.49308 -5.29577 -3.69099 6.46849 -8.98676 -6.12284 -4.444 7.35729 -10.5915 -7.06102 -4.93778 8.80159 -12.5543 -8.13499 -5.2217 10.8261 -14.6282 -9.04848 -5.09826 13.369 -16.2947 -9.6657 -4.7773 15.6898 -16.702 -9.59163 -4.12304 16.8625 16.8625 
-14.8504 -8.2214 -2.76516 16.0354 -14.5541 -7.98686 -2.62937 15.7392 -14.3566 -7.82638 -2.53061 15.5417 -14.1961 -7.70293 -2.46889 15.3688 -14.0356 -7.57949 -2.38248 15.2577 -13.8875 -7.48073 -2.3331 15.1219 -13.7764 -7.39432 -2.29607 15.0232 -13.6776 -7.32026 -2.25903 14.9121 -13.6036 -7.25853 -2.20966 14.8504 -13.5295 -7.20916 -2.17262 14.764 -13.4678 -7.15978 -2.13559 14.7146 -13.3814 -7.08571 -2.08621 14.6652 -13.3197 -7.03633 -2.04918 14.6405 14.6405 
1.35789 1.86401 1.58009 -0.0370333 1.24679 1.82698 1.54306 0.0246889 1.19741 1.83932 1.56774 0.0987556 0.9999 1.6665 1.34554 0.0987556 0.851767 1.48133 1.07397 0.0246889 0.765356 1.37023 0.925833 -0.0370333 0.7777 1.30851 0.851767 -0.0864111 0.802389 1.29617 0.851767 -0.0740667 0.864111 1.30851 0.987556 0.0617222 0.740667 1.14803 0.950522 0.2222 0.604878 0.925833 0.753011 0.246889 0.493778 0.839422 0.629567 0.308611 0.530811 0.851767 0.604878 0.283922 0.283922 
0.271578 0.839422 0.629567 0.5555 -0.308611 0.654256 0.432056 0.938178 -1.2221 0.357989 0.135789 1.54306 -2.19731 -0.271578 -0.493778 2.01214 -2.9997 -0.753011 -0.8888 2.65406 -4.03663 -1.43196 -1.41961 3.48113 -5.35749 -2.19731 -1.83932 4.8884 -7.09806 -3.09846 -2.17262 6.96227 -8.36953 -3.69099 -2.3331 8.4436 -8.7769 -3.76506 -2.1109 9.17192 -8.46829 -3.5552 -1.87636 8.92503 -8.03623 -3.333 -1.60478 8.75221 -7.75231 -3.20956 -1.43196 8.65346 8.65346 
1.81463 2.03683 1.97511 0.0493778 1.85167 2.14793 2.08621 0.1111 1.6665 2.08621 2.14793 0.296267 1.61712 2.18497 2.27138 0.456744 1.49368 2.24669 2.50592 0.753011 1.29617 2.17262 2.40717 0.827078 1.111 2.16028 2.4442 0.975211 0.8888 2.09856 2.40717 1.13569 0.728322 2.12324 2.49358 1.34554 0.357989 1.87636 2.23434 1.43196 0.0246889 1.7776 2.06152 1.46899 -0.246889 1.80229 1.93808 1.45664 -0.395022 1.90104 1.8887 1.43196 1.43196 
-1.83932 1.41961 0.938178 1.49368 -1.90104 1.41961 0.950522 1.5554 -1.86401 1.51837 1.07397 1.64181 -1.97511 1.51837 1.18507 1.86401 -2.14793 1.5554 1.38258 2.222 -2.5553 1.39492 1.37023 2.56764 -3.02439 1.08631 1.13569 2.7775 -3.61692 0.728322 0.7777 2.93798 -4.14773 0.456744 0.3333 2.90094 -4.85137 0.320956 0.0864111 3.13549 -5.61672 0.185167 -0.0493778 3.59223 -6.57959 -0.123444 -0.0740667 4.43166 -7.43136 -0.456744 -0.135789 5.2217 5.2217 
-10.5545 -2.20966 -0.876456 8.09796 -12.5543 -3.333 -1.16038 10.1224 -15.3318 -4.86371 -1.51837 12.8506 -19.4548 -7.1104 -2.61702 16.0601 -24.3186 -10.1718 -5.72782 17.739 -30.2686 -13.9492 -10.394 18.6771 -34.9842 -17.1588 -15.0355 18.4056 -37.6259 -18.7018 -17.1958 18.5784 -37.6876 -18.6278 -17.2452 18.4179 -36.8111 -17.8871 -16.5292 18.0723 -36.1692 -17.381 -15.9614 17.9488 -35.7619 -17.0847 -15.7145 17.7513 -35.515 -16.9613 -15.5417 17.6279 17.6279 
2.09856 0.950522 0.753011 -0.950522 2.01214 0.827078 0.617222 -0.975211 1.98746 0.728322 0.543156 -0.9999 1.90104 0.580189 0.407367 -1.02459 1.8887 0.493778 0.320956 -1.08631 1.80229 0.370333 0.148133 -1.17272 1.7776 0.259233 -0.0617222 -1.3332 1.7776 0.123444 -0.185167 -1.41961 1.75291 -0.0246889 -0.234544 -1.41961 1.62947 -0.246889 -0.370333 -1.35789 1.48133 -0.469089 -0.641911 -1.40727 1.37023 -0.753011 -0.938178 -1.46899 1.37023 -0.839422 -1.01224 -1.48133 -1.48133 
0.6666 -1.97511 -1.90104 -1.39492 0.506122 -2.37013 -2.24669 -1.40727 0.345644 -2.75281 -2.43186 -1.24679 0.0864111 -3.30831 -2.98736 -1.29617 -0.160478 -3.82678 -3.34534 -1.16038 -0.506122 -4.51807 -3.93788 -1.06162 -1.01224 -5.34514 -4.46869 -0.740667 -1.58009 -6.29567 -5.13529 -0.407367 -2.222 -7.35729 -5.7772 0.1111 -2.93798 -8.65346 -6.67834 0.617222 -3.87616 -10.2089 -7.72762 1.29617 -4.8884 -11.9741 -8.9991 1.93808 -6.02409 -13.9863 -10.3076 2.82688 2.82688 
-10.2953 -22.2077 -16.2947 5.51797 -12.4185 -25.7011 -18.9858 6.56724 -15.2454 -29.7871 -22.3928 7.80169 -18.8623 -34.6262 -26.5776 9.17192 -21.8744 -38.4776 -29.7378 10.6409 -23.1458 -40.2305 -30.8364 11.7889 -22.578 -39.7615 -29.7748 12.5666 -21.7879 -38.9344 -28.3305 13.2209 -21.2571 -38.3912 -27.454 13.4678 -20.8868 -38.2061 -26.9232 13.5789 -20.4177 -37.8974 -26.4912 13.5789 -20.1585 -37.6012 -26.0468 13.9245 -20.035 -37.2308 -25.6147 14.3566 14.3566 
1.70353 1.32086 0.469089 -1.25913 1.6665 1.30851 0.4444 -1.27148 1.54306 1.20976 0.345644 -1.23444 1.51837 1.2221 0.395022 -1.17272 1.41961 1.111 0.283922 -1.19741 1.35789 1.01224 0.160478 -1.27148 1.28382 0.913489 -0.0123444 -1.38258 1.23444 0.814733 -0.185167 -1.48133 1.2221 0.802389 -0.2222 -1.51837 1.16038 0.715978 -0.234544 -1.48133 0.913489 0.469089 -0.481433 -1.51837 0.740667 0.234544 -0.7777 -1.65416 0.432056 -0.0617222 -1.111 -1.70353 -1.70353 
