2.31129 3.96341 2.29225 -0.214588 2.30294 3.94965 2.29225 -0.200828 2.30001 3.96692 2.30308 -0.197896 2.30588 3.99093 2.30952 -0.209754 2.32212 4.00337 2.31142 -0.220582 2.32505 3.9861 2.30601 -0.214588 2.30294 3.94965 2.29225 -0.200828 2.2946 3.93589 2.2839 -0.200828 2.30294 3.958 2.30601 -0.192482 2.32505 3.9861 2.32869 -0.178721 2.32212 3.96692 2.30308 -0.192482 2.29753 3.94907 2.28683 -0.198476 2.28625 3.95858 2.30366 -0.187067 -0.187067 
2.93723 3.83091 2.93646 1.05465 2.52599 3.99976 2.80302 0.458421 2.11794 4.13666 2.62472 -0.215514 2.15951 4.02141 2.5669 -0.153788 2.17926 3.86899 2.32986 -0.24665 2.09419 3.84686 2.23261 -0.345322 2.16167 3.64432 1.79105 -0.635286 2.21977 3.81821 1.99259 -0.578185 2.23898 4.1026 2.42831 -0.317511 2.27851 4.09534 2.50161 -0.0460291 2.30133 4.03631 2.50271 0.0890049 2.31145 3.97482 2.31829 -0.180332 2.37026 3.83899 1.85824 -0.632776 -0.632776 
2.20588 3.90885 2.37233 -0.0684551 2.12919 3.79317 2.19751 -0.208722 2.18845 3.74719 1.93034 -0.580724 2.3442 3.56466 1.47808 -0.986763 2.34803 3.75569 1.83394 -0.811872 2.21304 3.86294 2.09949 -0.670207 2.2024 3.78369 1.88272 -0.869918 2.26383 3.86355 1.90266 -0.883446 2.34336 3.92107 1.95669 -0.804846 2.33366 3.73097 1.56751 -0.970044 2.29212 3.93061 1.92218 -0.663516 2.18304 3.93467 2.10197 -0.444125 2.09889 3.81884 2.00041 -0.511651 -0.511651 
2.26298 3.75308 1.7391 -0.89831 2.35915 3.83033 1.76963 -0.880354 2.30704 3.90964 1.86634 -0.894142 2.21074 3.80519 1.79459 -0.996372 2.14559 3.88579 2.14608 -0.687873 2.2276 3.97846 2.3846 -0.359241 2.32038 3.95697 2.19112 -0.48773 2.34264 4.03451 2.1659 -0.707944 2.30836 3.86442 1.78938 -1.17901 2.16915 3.75366 1.67424 -1.32165 1.97712 3.89662 2.14986 -0.8508 2.03667 3.82726 1.98271 -0.881095 2.24294 3.85891 1.66621 -1.30113 -1.30113 
2.32885 3.63478 1.65361 -0.880775 2.2586 3.86674 2.1184 -0.663471 2.19463 3.73329 2.10167 -0.580245 2.14617 3.60214 1.81764 -0.773525 2.07605 3.73091 1.85129 -0.971099 2.04311 3.70487 1.62159 -1.38948 2.05513 3.78789 1.63409 -1.49044 2.19419 3.84168 1.58057 -1.47706 2.3565 3.55483 1.15148 -1.53778 2.32109 3.56992 1.26524 -1.37146 2.22609 3.78899 1.73222 -1.06809 2.23604 3.66407 1.75373 -0.868309 2.14163 3.70855 1.80985 -0.900719 -0.900719 
2.32444 3.57079 1.33488 -1.31819 2.21014 3.65287 1.64808 -1.12471 2.07092 3.47772 1.57495 -1.07461 1.96039 3.57401 1.62468 -1.13139 1.98311 3.76208 1.79241 -1.10167 2.16447 3.70958 1.7635 -1.01941 2.33121 3.69782 1.62249 -1.14359 2.30868 3.84144 1.70379 -1.24321 2.24761 3.76179 1.50094 -1.445 2.11133 3.73284 1.43091 -1.58483 2.04047 3.63573 1.18575 -1.8411 2.03125 3.67239 1.31484 -1.75801 2.10183 3.75518 1.55189 -1.51012 -1.51012 
2.21101 3.66489 1.31494 -1.51099 2.10299 3.71071 1.58969 -1.32696 2.07137 3.70562 1.64079 -1.28275 2.19331 3.67804 1.35048 -1.58933 2.37745 3.58832 0.921947 -2.00736 2.39063 3.56812 0.993519 -1.84578 2.24939 3.62387 1.32238 -1.50577 2.16769 3.58748 1.49255 -1.30586 2.15423 3.57324 1.43553 -1.40345 2.10035 3.62025 1.40587 -1.53436 2.11543 3.49126 1.14862 -1.76589 2.09126 3.42571 1.15877 -1.74153 2.09113 3.43738 1.0804 -1.84816 -1.84816 
2.03361 3.48453 1.18449 -1.85077 2.00009 3.54733 1.47139 -1.57309 2.16286 3.47898 1.26008 -1.5912 2.29724 3.34367 0.855149 -1.85946 2.24819 3.34973 0.923297 -1.88719 2.2179 3.39666 0.8955 -2.04936 2.24188 3.40651 0.662117 -2.30995 2.26779 3.31806 0.34983 -2.58859 2.06271 3.37738 0.807295 -2.13046 1.98472 3.39156 1.11318 -1.69857 2.17865 3.332 0.96613 -1.65649 2.33089 3.332 0.847282 -1.78958 2.16799 3.54179 1.33279 -1.54686 -1.54686 
2.33572 3.3011 0.464061 -2.25481 2.38432 3.21703 0.266717 -2.44528 2.20969 3.29553 0.671043 -2.104 2.00976 3.28 0.999455 -1.68716 2.06493 3.28969 0.982241 -1.72033 2.27395 3.26521 0.648617 -2.07608 2.24526 3.40271 0.760629 -2.18923 2.12465 3.4555 0.823927 -2.33797 2.02423 3.42994 0.888113 -2.32693 1.98588 3.31806 0.887474 -2.10815 2.0279 3.35965 0.992329 -1.80463 2.04721 3.38688 1.11923 -1.5284 2.1219 3.51118 1.2732 -1.48334 -1.48334 
2.2665 3.24458 0.604274 -2.22673 2.15349 3.3292 0.73411 -2.21411 2.17881 3.42008 0.822345 -2.19934 2.32257 3.32524 0.686704 -2.19393 2.33221 3.30445 0.643814 -2.20009 2.02146 3.48217 1.10502 -1.9721 1.84596 3.61452 1.326 -1.95412 2.10093 3.58771 0.942253 -2.21376 2.25754 3.4564 0.604856 -2.36927 2.13753 3.35876 0.599412 -2.32757 2.17018 3.42185 0.701625 -2.20631 2.14775 3.41028 0.934198 -1.84346 2.08839 3.33916 1.01369 -1.63267 -1.63267 
2.20446 3.41612 0.959524 -1.93104 2.27645 3.36153 0.753313 -1.97052 2.18349 3.20066 0.567538 -2.10374 2.07943 3.26756 0.62548 -2.18001 2.17279 3.51714 0.726055 -2.21553 2.18114 3.45653 0.772879 -1.99069 2.94386 3.08239 0.141899 -1.89938 3.55071 3.03599 -0.342379 -2.19764 2.85953 3.28641 0.304088 -2.17188 1.94933 3.37429 1.12726 -1.75126 2.17733 3.35305 1.00348 -1.69371 2.29154 3.34587 0.808062 -1.88357 2.18161 3.30752 0.758116 -2.0048 -2.0048 
2.50834 4.21445 2.6831 0.053297 2.31877 4.04391 2.4392 -0.174206 2.15964 3.85175 2.16199 -0.314074 2.24864 4.03866 2.46965 -0.0191455 2.3382 4.08693 2.42831 -0.055781 2.34805 3.98922 2.1682 -0.312724 2.33807 4.11445 2.42277 -0.151361 2.36121 4.02136 2.38416 -0.0708606 2.29314 3.78955 2.07259 -0.305438 2.19228 4.01594 2.50665 -0.110951 2.06654 4.06895 2.63149 -0.0809212 2.03215 3.90447 2.31657 -0.297353 2.08234 4.03424 2.43431 -0.284549 -0.284549 
2.34465 4.01768 2.08563 -0.760925 2.38448 3.99032 2.04979 -0.652587 2.3555 3.76568 1.79636 -0.603194 2.27424 3.92517 2.04873 -0.491138 2.22171 3.93954 2.034 -0.71082 2.2296 3.86068 1.91196 -0.844432 2.23969 3.89281 2.07068 -0.619099 2.18951 3.89361 2.17282 -0.449193 2.17633 3.95081 2.30437 -0.387183 2.2151 3.87802 2.04493 -0.669597 2.26531 3.58283 1.426 -1.12243 2.22255 3.63417 1.58092 -0.994847 2.15465 3.78963 1.91523 -0.743783 -0.743783 
2.16448 4.01414 2.26345 -0.638114 2.14179 3.7932 2.00123 -0.735701 2.20472 3.76227 1.73524 -1.11998 2.27939 4.02133 1.94526 -1.19084 2.31377 3.86004 1.7143 -1.19877 2.21877 3.78804 1.60644 -1.18933 2.14266 3.95372 2.01551 -0.869496 2.16418 3.95404 2.10832 -0.731028 2.18177 4.04935 2.20443 -0.753495 2.26138 3.92469 1.95996 -0.927975 2.38931 3.62179 1.45749 -1.21073 2.35212 3.65625 1.54289 -1.18749 2.23695 3.89897 2.14653 -0.649393 -0.649393 
2.09639 3.65097 1.52492 -1.38322 2.19664 3.46515 1.16247 -1.53759 2.23618 3.59844 1.43894 -1.23038 2.20369 3.78009 1.77747 -1.06764 2.19463 3.85291 1.79253 -1.18856 2.13022 4.00712 1.94037 -1.18617 2.13608 3.89664 1.86037 -1.07091 2.18423 3.75965 1.73833 -0.955543 2.08162 3.88402 2.10171 -0.690354 2.07782 3.66053 1.85129 -0.825154 2.1851 3.57039 1.62242 -1.04032 2.1406 3.79427 1.81975 -1.09191 2.1415 3.71512 1.49149 -1.39138 -1.39138 
2.12964 3.73181 2.01744 -0.717322 2.18671 3.63185 1.56193 -1.22433 2.25493 3.63779 1.39398 -1.4302 2.28055 3.66434 1.51772 -1.21646 2.2703 3.69357 1.4111 -1.42846 2.14572 3.72257 1.33224 -1.66111 2.07663 3.54063 1.2726 -1.54335 2.06023 3.5036 1.39208 -1.32432 2.10898 3.52245 1.31858 -1.43984 2.17266 3.5191 1.21278 -1.50175 2.22886 3.55378 1.1387 -1.57496 2.20853 3.68802 1.34658 -1.48783 2.11601 3.69827 1.66567 -1.18543 -1.18543 
2.13402 3.62115 1.47673 -1.52885 2.09232 3.63647 1.72023 -1.36175 2.12174 3.61616 1.57495 -1.52195 2.21745 3.5084 1.25464 -1.61965 2.05716 3.59244 1.53203 -1.35242 1.95749 3.4835 1.31091 -1.57911 2.14073 3.34257 0.757857 -2.04452 2.29106 3.44631 0.721061 -2.15746 2.2034 3.57953 1.14263 -1.78387 2.15055 3.48133 1.1753 -1.63777 2.07679 3.58294 1.54566 -1.37204 2.06071 3.7451 1.83747 -1.22338 2.22625 3.64864 1.39988 -1.43601 -1.43601 
2.21539 3.44298 0.963387 -1.87853 2.06844 3.55771 1.26847 -1.71175 1.99874 3.57926 1.28419 -1.77006 2.09332 3.42011 0.810487 -2.13358 2.22593 3.25335 0.444858 -2.28204 2.36311 3.2604 0.541817 -2.09436 2.38083 3.39108 0.897459 -1.84631 2.25377 3.43651 1.0862 -1.77098 2.17765 3.25789 0.766433 -2.06003 2.18639 3.18371 0.511047 -2.22784 2.08833 3.33404 0.728827 -2.14766 1.99014 3.51759 1.12211 -1.9547 2.05175 3.5917 1.30765 -1.6885 -1.6885 
2.23237 3.46258 1.02865 -1.97517 2.32212 3.37545 0.689607 -2.1493 2.30556 3.2248 0.344284 -2.31603 2.33218 3.10318 0.0729448 -2.51435 2.23676 3.17884 0.402837 -2.28264 2.20092 3.32582 0.800108 -1.96059 2.17968 3.38982 1.02852 -1.71504 2.28892 3.28612 0.862172 -1.7585 2.4556 3.22792 0.537594 -2.08646 2.38667 3.36401 0.590963 -2.23653 2.12451 3.47689 0.946476 -2.02133 2.14089 3.41163 0.859853 -2.03052 2.18407 3.48862 0.895559 -2.06974 -2.06974 
2.24204 3.41263 0.854307 -2.00213 2.23795 3.26975 0.677008 -2.17259 2.15626 3.40316 0.749642 -2.26999 2.15336 3.47522 0.80301 -2.17517 2.252 3.28618 0.670754 -1.93246 2.27365 3.12248 0.526126 -1.91228 2.16844 3.29785 0.794432 -1.89953 2.2422 3.27897 0.814188 -1.7965 2.37439 3.33417 0.665498 -1.94741 2.34071 3.40265 0.659023 -2.13593 2.27778 3.39098 0.774069 -2.07696 2.34129 3.28277 0.591095 -2.15648 2.20015 3.21693 0.595509 -2.11496 -2.11496 
7.2826 4.98159 8.89363 9.72946 6.84798 5.18588 6.73921 6.44776 6.12478 4.46856 4.18561 3.51697 4.2718 4.18919 2.51156 0.527036 2.02033 4.13251 1.17176 -2.47078 0.840302 3.57704 -0.23973 -4.35419 0.578193 3.08792 -0.753231 -4.58159 0.479291 3.23671 -0.13885 -4.06806 0.97529 3.30216 0.077492 -3.60354 1.82374 3.16662 0.206659 -2.81141 2.41802 3.32669 0.993909 -1.59528 2.73994 3.60266 1.60768 -0.969604 2.88063 3.67156 1.59934 -0.944144 -0.944144 
7.55228 5.32411 5.88489 7.17622 4.45909 4.50394 2.50441 0.891976 4.03793 3.90001 1.83479 0.0881123 3.63627 3.84847 1.75393 -0.329644 2.75531 3.81419 1.70323 -1.00077 2.14166 3.91827 1.89286 -1.18381 1.88515 3.77106 1.65366 -1.38739 1.77713 3.72521 1.5699 -1.52293 1.87828 3.77148 1.83005 -1.17776 2.17559 3.72054 1.88935 -0.803397 2.38654 3.74732 1.61888 -1.06291 2.42475 3.82108 1.5561 -1.21276 2.44232 3.77407 1.44506 -1.30072 -1.30072 
1.87966 5.57368 11.047 8.89011 3.19131 4.18677 3.65372 1.74521 3.59351 3.92075 1.41619 -0.500861 3.08333 3.91885 1.37683 -0.947891 2.3681 4.05981 1.69877 -1.21072 1.83014 3.93148 1.66564 -1.49538 1.73176 3.80149 1.69448 -1.4443 2.03316 3.77906 1.62143 -1.33431 2.34332 3.6343 1.30255 -1.5116 2.35463 3.73298 1.55201 -1.38303 2.19831 3.90977 1.99895 -1.01524 2.19025 3.84057 1.73846 -1.08173 2.18861 3.81173 1.47232 -1.43424 -1.43424 
6.11034 1.78394 -10.0084 -11.4839 4.24538 3.49555 -3.40882 -6.20292 3.01635 3.54955 0.387742 -2.14182 2.46371 3.86513 1.87413 -1.00193 1.95903 4.0733 2.79413 -0.291993 2.01211 3.67094 2.27186 -0.362596 2.19083 3.55705 1.74478 -0.774339 2.2179 3.72986 1.6377 -1.13096 2.22786 3.78086 1.60144 -1.21717 2.09435 3.88037 1.73873 -1.2902 2.08033 3.95485 1.76899 -1.44409 2.25902 3.81466 1.47206 -1.55853 2.32302 3.92414 1.71623 -1.25758 -1.25758 
4.88847 2.52699 -4.52863 -5.53736 4.6876 3.81848 -0.973231 -2.97829 3.88609 4.03477 1.03597 -1.15195 2.66473 4.16054 2.51682 -0.211552 1.79359 4.0754 2.81462 -0.218681 1.53241 4.01774 2.57294 -0.572658 1.73878 3.96454 2.0945 -0.99682 2.2161 3.65586 1.32666 -1.32944 2.46497 3.79011 1.4967 -1.20748 2.36253 4.04544 2.00769 -0.970764 2.25202 3.91088 1.82898 -1.14306 2.17559 3.88653 1.73785 -1.2823 2.03918 4.04885 2.15089 -1.037 -1.037 
1.96928 4.00855 3.70715 0.868091 2.15466 4.07389 3.80337 0.898311 2.91027 3.97009 2.59205 -0.0745906 3.17604 3.73157 1.64067 -0.83251 2.61816 3.7461 1.48149 -1.35573 1.98153 3.77346 1.3035 -1.97812 1.92891 3.60528 0.760411 -2.49157 2.05185 3.38469 0.425817 -2.57871 1.99977 3.37471 0.684295 -2.22713 1.99803 3.49007 0.99349 -1.94136 2.16199 3.45111 1.0165 -1.72883 2.26592 3.37413 0.920625 -1.67733 2.29505 3.37764 0.822272 -1.77846 -1.77846 
0.957664 4.35834 5.60564 2.30164 2.19546 4.11023 3.50948 0.648334 2.90229 3.82573 1.70607 -0.829783 2.84883 3.64582 0.860547 -1.79956 2.4429 3.56426 0.659023 -2.28367 2.18159 3.5271 0.590645 -2.5458 2.13941 3.46664 0.488011 -2.70947 2.13209 3.45714 0.59619 -2.57757 2.06989 3.5239 0.968452 -2.17003 2.01488 3.67336 1.50787 -1.61083 2.09628 3.66573 1.52923 -1.50416 2.23694 3.48627 1.05561 -1.87375 2.33224 3.35566 0.689635 -2.16979 -2.16979 
2.49403 3.70054 1.78613 -0.373068 2.34951 3.7451 1.58645 -0.966399 2.37536 3.56093 0.615394 -2.43675 1.9128 3.62654 0.86772 -2.48951 1.73762 3.58946 0.993954 -2.26402 1.95714 3.4774 1.01724 -1.93351 2.43017 3.28465 0.601441 -2.01516 2.41461 3.44591 0.935085 -1.82668 2.26466 3.59716 1.25004 -1.66014 2.11191 3.64133 1.38483 -1.60113 2.20385 3.46326 0.852666 -2.06642 2.09844 3.4832 0.958974 -2.05788 2.10344 3.52652 1.12229 -1.86923 -1.86923 
3.01295 3.29679 0.284362 -2.14206 2.06528 3.45434 1.10679 -1.81319 2.16109 3.48405 1.0231 -1.86395 2.30355 3.42417 0.871026 -1.87729 2.24249 3.37735 0.902612 -1.81525 2.27426 3.43091 0.813185 -2.02617 2.23898 3.48273 0.748479 -2.22684 2.19112 3.50938 0.829559 -2.15323 2.1655 3.56529 0.935836 -2.05804 2.18278 3.55578 0.961746 -1.99262 2.02352 3.66357 1.48553 -1.5682 1.989 3.73656 1.72578 -1.35383 2.15071 3.62712 1.33565 -1.58196 -1.58196 
0.920641 3.27982 0.616366 -2.6824 1.67679 3.45149 0.895576 -2.16942 2.29811 3.81554 1.85467 -0.968227 2.56706 4.12716 2.06873 -0.951664 2.56999 4.00125 1.78064 -1.18445 2.44321 4.04978 1.89165 -1.11396 2.3614 4.1523 2.19542 -0.796498 2.33342 4.03837 2.15729 -0.704829 2.30152 3.94566 1.99626 -0.922345 2.28058 3.99056 1.80882 -1.32189 2.30178 3.85053 1.49332 -1.52792 2.22054 3.92075 1.61282 -1.43736 2.13096 4.01079 1.8848 -1.17222 -1.17222 
2.29154 3.85608 1.68561 -1.15291 2.30059 3.7718 1.61172 -1.0942 2.60438 3.84223 1.02898 -1.88044 3.2573 3.02927 -1.39436 -4.00715 3.44909 2.67339 -2.1325 -4.60224 2.59043 3.37338 0.194447 -2.79561 1.56801 4.00337 2.33302 -1.10352 1.11023 3.97614 2.47505 -1.09134 1.44164 4.01417 2.0248 -1.5094 2.15932 3.79446 1.2037 -1.82127 2.55765 3.95636 1.49303 -1.28375 2.5533 4.15494 2.13174 -0.686476 2.4776 3.97189 1.92575 -0.815648 -0.815648 
4.65584 3.20506 1.24733 0.507091 4.15713 4.19006 1.60376 -0.599169 3.09992 4.2066 1.80893 -1.04501 1.99603 4.12016 1.97677 -1.47652 1.44911 4.07843 1.93947 -1.82446 1.62152 3.82311 1.50311 -1.93076 2.02333 3.6159 1.19905 -1.73694 2.22142 3.837 1.52395 -1.42524 2.35553 4.02336 1.72499 -1.32564 2.40893 3.86149 1.57337 -1.32757 2.21352 3.84113 1.68633 -1.24678 2.05001 3.86207 1.7831 -1.18598 2.03493 3.91392 2.04119 -0.842399 -0.842399 
4.58414 3.20477 1.14987 0.335876 3.87423 4.04148 1.50543 -0.769024 2.98042 4.11046 1.83215 -1.00234 2.22606 4.21674 2.10378 -1.25526 1.80371 4.22731 2.13525 -1.48339 1.62152 3.82311 1.50311 -1.93076 2.02333 3.6159 1.19905 -1.73694 2.34232 3.67685 1.34552 -1.35486 2.43397 3.91946 1.60924 -1.27998 2.29125 3.95456 1.62236 -1.45579 2.06715 3.99426 1.82144 -1.37072 2.07547 3.8691 1.82641 -1.13242 2.07417 3.92475 2.10795 -0.759839 -0.759839 
-0.36878 5.19583 14.7626 13.9763 2.6929 4.18994 6.68677 4.74631 4.52085 4.56158 5.554 4.12061 5.12798 4.32954 3.85316 2.66074 4.38046 4.05082 2.54658 0.833956 2.93848 3.97397 1.58825 -1.2653 1.80642 3.79073 0.776072 -2.78978 1.47271 3.40062 -0.212545 -3.77345 1.41764 3.30068 -0.396359 -3.86866 1.40893 3.4419 0.332413 -3.04974 1.78809 3.45656 0.858024 -2.22285 2.27117 3.42568 0.978468 -1.83788 2.44454 3.57392 1.23417 -1.65954 -1.65954 
0.0561824 5.36396 14.9297 14.3214 2.26794 4.02181 6.51967 4.40124 3.86578 4.30241 5.29641 3.58869 5.12798 4.32954 3.85316 2.66074 3.96993 3.94119 2.32486 0.466713 2.67215 3.90285 1.44441 -1.50354 2.07274 3.86185 0.919906 -2.55154 1.88325 3.51025 0.00917927 -3.40621 1.61998 3.24226 -0.361178 -3.6803 1.54019 3.404 0.355234 -2.92754 1.65683 3.49446 0.835203 -2.34504 2.14057 3.44779 0.805685 -2.19023 2.49107 3.55037 1.14491 -1.76592 -1.76592 
-0.803406 3.5707 -0.945166 -5.89068 -0.4569 2.99421 -0.0470064 -3.59957 1.52884 3.48081 1.72569 -1.02844 3.06288 3.51694 1.3449 -0.781031 2.8179 3.5162 1.50679 -0.813643 1.59329 3.22798 1.75704 -0.92285 1.25931 2.98286 1.4238 -1.26864 1.65527 3.12009 1.07858 -1.62382 1.916 3.32694 1.20013 -1.5215 1.90459 3.25111 1.24785 -1.39592 1.68546 3.2397 1.42393 -1.28726 1.64666 3.14732 1.1992 -1.42067 1.82435 3.07342 0.96288 -1.50243 -1.50243 
2.68107 3.94161 1.42333 -1.52423 2.4067 3.89878 2.00347 -0.930326 2.2478 3.77275 1.85747 -1.05301 2.23414 3.83159 1.23914 -1.8869 2.17762 3.61695 0.342063 -2.89463 2.12884 3.40593 0.233074 -2.85578 1.96085 3.59532 1.0943 -2.02762 2.10537 3.73421 1.34023 -1.72944 2.45121 3.60926 1.05422 -1.66991 2.44044 3.63615 1.46706 -1.08378 2.23404 3.78683 2.00664 -0.731213 2.34528 3.6161 1.48772 -1.2878 2.39005 3.50283 0.94012 -1.92924 -1.92924 
2.60762 2.98868 -0.565131 -3.12479 2.63915 2.71676 -0.989279 -3.35792 2.99106 2.57138 -0.848684 -2.75433 3.16903 2.75559 0.0151055 -1.69445 2.95836 3.12356 0.482359 -1.61826 2.23414 3.83159 1.23914 -1.8869 2.38424 3.99275 1.00366 -2.27815 2.50377 4.03883 1.47951 -1.67718 2.42949 3.68765 1.20224 -1.74329 2.14191 3.37548 0.668198 -2.27403 1.96085 3.59532 1.0943 -2.02762 2.10537 3.73421 1.34023 -1.72944 2.45121 3.60926 1.05422 -1.66991 -1.66991 
1.32708 3.57414 -0.774882 -4.75847 1.17799 3.37899 -1.02701 -4.88965 1.64563 3.61658 0.604552 -2.7669 2.46017 3.75989 1.54273 -1.29921 3.19112 3.84126 1.81456 -0.595469 3.25496 3.98279 2.00224 -0.454356 2.90583 3.92817 1.73823 -1.03991 2.4318 3.93338 1.71367 -1.36848 2.0774 4.01969 1.91372 -1.34109 1.92207 3.97846 1.72275 -1.69623 2.03287 3.78373 1.04499 -2.4093 2.25522 3.76894 0.964649 -2.28932 2.33382 3.79588 1.15407 -1.94958 -1.94958 
1.22432 5.18786 1.96298 -3.24491 2.24111 3.47634 1.05569 -1.65291 2.80774 3.90548 1.66536 -1.09341 3.16714 3.90797 1.81047 -0.704547 3.16872 3.87026 2.15701 -0.161724 2.61178 4.10209 2.46339 -0.336639 2.1837 4.11427 2.09477 -1.20943 2.24848 3.85444 1.11559 -2.26796 2.19957 3.73482 0.691799 -2.71192 2.06039 3.72325 0.734502 -2.63948 2.16022 3.69296 0.920597 -2.27995 2.37029 3.70218 1.15 -1.91022 2.54482 3.84812 1.24471 -1.87013 -1.87013 
9.54992 6.64301 8.86461 8.68974 8.97484 4.69009 4.06237 4.63268 7.72582 4.40975 2.48397 2.56199 5.08458 4.58377 2.35999 0.569718 2.43734 4.79712 3.01086 -0.574087 1.19224 4.28708 2.8535 -0.946981 0.898969 3.88817 2.11726 -1.53367 1.08997 3.73107 1.36255 -2.21948 1.68752 3.71673 1.14334 -2.14094 2.23018 3.83407 1.45956 -1.57425 2.54157 3.76015 1.23343 -1.62158 2.58359 3.76398 1.12128 -1.77885 2.52094 3.87194 1.42663 -1.59029 -1.59029 
6.78108 2.48517 -2.40144 -3.87316 3.6428 4.18855 3.7559 1.48173 1.4669 3.41584 2.00374 -1.0048 -0.0586168 2.87447 0.0726264 -3.60036 0.193027 2.87304 0.661989 -2.67794 2.03817 3.17222 1.51645 -0.868717 2.86127 3.56051 1.80861 -0.519613 2.33514 3.39938 1.46926 -1.16747 1.58227 3.16272 1.38751 -1.45048 1.30575 3.17848 1.29327 -1.73379 1.74955 3.21276 0.927145 -1.96032 2.11727 3.28592 0.922311 -1.92998 1.99581 3.28766 1.15897 -1.71288 -1.71288 
1.121 3.16729 0.60555 -3.081 0.945606 3.29846 1.1511 -2.14156 1.59481 3.90605 2.32467 -0.359316 2.45428 3.8864 1.9951 -0.307292 2.93329 4.07555 2.39196 0.206849 2.95646 4.28509 3.15977 0.955588 2.78566 4.31006 3.38385 1.0848 2.57746 4.29614 3.20153 0.655199 2.42011 4.35379 3.07131 0.312042 2.38305 4.21712 2.90042 0.26398 2.44995 4.20098 2.83885 0.213209 2.52284 4.21048 2.71068 0.117557 2.60847 4.09515 2.42948 0.0566223 0.0566223 
3.86024 3.94421 2.44328 1.46882 4.31529 4.18835 2.04277 0.92226 4.29805 4.54587 2.17315 0.500362 3.55503 4.45891 2.63067 0.65327 2.66428 4.42494 3.12419 0.702025 2.96379 3.38104 -1.0935 -4.04339 3.27347 2.41041 -4.68674 -7.72286 2.07522 2.7675 -0.781822 -3.53768 0.914909 3.54035 4.91849 2.66575 1.54788 3.23247 3.55947 1.67292 2.08988 3.39099 1.80326 -0.303188 1.92757 3.59147 2.26342 -0.103373 1.9166 3.59037 2.66268 0.420565 0.420565 
1.66679 4.54691 2.33106 -1.48729 1.43436 4.04336 1.68415 -1.75618 1.2267 4.08319 2.06363 -1.48076 1.55478 4.08902 2.75656 -0.28394 2.26692 3.99302 2.92041 0.665923 2.52797 4.07849 2.90522 0.681849 2.45172 4.22221 3.13164 0.618173 2.40075 4.14422 3.02346 0.514535 2.25189 4.12299 2.81661 0.258697 2.19331 4.03615 2.50652 -0.0646771 2.3353 3.92699 2.3021 -0.166705 2.35682 4.0792 2.60654 0.0368962 2.38495 4.17623 2.74588 0.141667 0.141667 
1.66679 4.54691 2.33106 -1.48729 1.43436 4.04336 1.68415 -1.75618 1.2267 4.08319 2.06363 -1.48076 1.55478 4.08902 2.75656 -0.28394 2.26692 3.99302 2.92041 0.665923 2.52797 4.07849 2.90522 0.681849 2.45172 4.22221 3.13164 0.618173 2.40075 4.14422 3.02346 0.514535 2.25189 4.12299 2.81661 0.258697 2.19331 4.03615 2.50652 -0.0646771 2.3353 3.92699 2.3021 -0.166705 2.35682 4.0792 2.60654 0.0368962 2.38495 4.17623 2.74588 0.141667 0.141667 
-0.745218 2.54557 -3.34914 -7.51338 0.664286 2.50926 -1.67051 -4.73964 1.44234 3.02812 -0.384008 -3.32088 1.95889 3.58381 1.14969 -1.76461 2.37928 3.87335 2.70069 0.192003 2.6254 4.07714 3.79701 1.75959 2.94336 4.12935 3.49744 1.60366 3.02103 4.0007 2.99527 1.06755 2.78318 3.86439 2.79385 0.733787 2.57337 3.88637 2.39145 0.0901389 2.59909 3.86381 1.78524 -0.629478 2.57302 3.91054 1.71084 -0.7548 2.43101 3.97302 1.66132 -1.01737 -1.01737 
