0.637141 1.23648 0.702401 -0.157327 0.653384 1.26326 0.718643 -0.157327 0.654414 1.26941 0.719093 -0.171087 0.639624 1.24892 0.704883 -0.179433 0.643136 1.23648 0.694055 -0.179433 0.653964 1.22565 0.677363 -0.179433 0.585295 1.14309 0.671499 -0.121461 0.379316 0.835402 0.498294 -0.105959 0.242164 0.603701 0.328368 -0.152494 0.320313 0.686523 0.277974 -0.286451 0.58078 1.09552 0.5105 -0.312041 0.750285 1.41314 0.868683 -0.0939408 0.821624 1.5468 1.0697 0.0792066 0.0792066 
0.659828 1.26342 0.666534 -0.212948 0.684416 1.29912 0.704883 -0.193774 0.692762 1.30396 0.721575 -0.184847 0.69028 1.2861 0.710747 -0.193193 0.689831 1.28536 0.696537 -0.21588 0.69028 1.27776 0.67488 -0.237986 0.70404 1.30689 0.7431 -0.168736 0.792333 1.43379 0.947759 0.0035412 0.810028 1.43218 1.00864 0.0844896 0.743287 1.28449 0.798299 -0.0550116 0.684997 1.20647 0.575919 -0.276335 0.568154 1.05334 0.430234 -0.364599 0.508467 0.982249 0.421335 -0.337819 -0.337819 
0.63479 1.19462 0.649843 -0.18836 0.640204 1.20354 0.660671 -0.184847 0.665242 1.23648 0.671949 -0.201539 0.692762 1.26809 0.663022 -0.237986 0.709454 1.29561 0.679714 -0.237986 0.709454 1.30937 0.724507 -0.187779 0.726146 1.3202 0.727438 -0.173438 0.726146 1.29677 0.717351 -0.160259 0.769647 1.36937 0.766105 -0.166863 0.79978 1.44723 0.783219 -0.231991 0.815469 1.52177 0.829941 -0.255259 0.941661 1.74879 1.02477 -0.19013 0.834879 1.56988 0.926497 -0.153815 -0.153815 
0.584583 1.14441 0.627156 -0.179433 0.609752 1.17309 0.646911 -0.179433 0.63479 1.20896 0.677363 -0.171087 0.603757 1.1952 0.677363 -0.165673 0.598343 1.1785 0.649843 -0.187779 0.626444 1.18144 0.631989 -0.206953 0.534639 1.05759 0.568865 -0.198608 0.368937 0.840976 0.432875 -0.213978 0.388692 0.833791 0.300398 -0.350999 0.513113 1.03475 0.357501 -0.435882 0.498061 1.09682 0.463327 -0.397402 0.537758 1.22052 0.602567 -0.354642 0.741227 1.5112 0.792727 -0.319806 -0.319806 
0.615035 1.19168 0.644428 -0.20212 0.617518 1.21846 0.688191 -0.162741 0.645487 1.24189 0.688641 -0.179433 0.66231 1.24057 0.668436 -0.207534 0.665242 1.23648 0.663603 -0.215299 0.626444 1.1952 0.646911 -0.207534 0.567891 1.10078 0.636082 -0.133319 0.545205 1.04648 0.624224 -0.07976 0.613133 1.15347 0.654545 -0.132739 0.730399 1.3745 0.779416 -0.165673 0.719252 1.28533 0.676913 -0.206242 0.467449 0.853995 0.350634 -0.282329 0.482717 0.911389 0.270554 -0.462559 -0.462559 
0.589997 1.1283 0.613396 -0.174019 0.626444 1.16474 0.640916 -0.165093 0.63479 1.17016 0.635502 -0.173438 0.620449 1.16474 0.629507 -0.174019 0.603757 1.15698 0.63257 -0.165093 0.598343 1.14206 0.621742 -0.174019 0.601406 1.10326 0.50828 -0.281618 0.491007 0.899789 0.328659 -0.341912 0.391492 0.775398 0.328818 -0.254097 0.44022 0.915451 0.544277 -0.117817 0.67829 1.28858 0.754828 -0.136411 0.731242 1.32939 0.724798 -0.176951 0.663078 1.22127 0.699656 -0.123232 -0.123232 
0.585164 1.09726 0.582944 -0.179433 0.573305 1.10078 0.588358 -0.179433 0.567891 1.10619 0.596704 -0.179433 0.567891 1.10619 0.596704 -0.179433 0.584583 1.14206 0.627156 -0.171087 0.634209 1.19284 0.649843 -0.165673 0.623512 1.09359 0.574017 -0.154845 0.520298 0.835533 0.277131 -0.301982 0.326597 0.577763 0.0531675 -0.401046 0.149909 0.427302 0.10757 -0.267858 0.355495 0.789318 0.52571 -0.0412515 0.665346 1.20877 0.795313 0.011596 0.738192 1.35097 0.933156 0.0817178 0.0817178 
0.554131 1.0614 0.568603 -0.165093 0.559545 1.06198 0.568603 -0.159678 0.601275 1.13078 0.610333 -0.159678 0.639624 1.20235 0.662441 -0.151332 0.628795 1.19826 0.665954 -0.151332 0.623381 1.16958 0.64678 -0.143567 0.503737 0.903433 0.405196 -0.203891 0.440116 0.787416 0.323882 -0.213529 0.488366 0.930213 0.50561 -0.126163 0.645937 1.19491 0.672267 -0.100545 0.657608 1.1962 0.579591 -0.193193 0.731879 1.38681 0.730689 -0.196125 0.704462 1.40463 0.798403 -0.184847 -0.184847 
0.654414 1.11586 0.552361 -0.193193 0.659378 1.13239 0.571085 -0.179433 0.665242 1.15582 0.599636 -0.157327 0.665242 1.15582 0.599636 -0.157327 0.67607 1.16826 0.601537 -0.162741 0.665242 1.15582 0.599636 -0.157327 0.592611 1.03198 0.455272 -0.251166 0.564668 0.974905 0.344348 -0.356253 0.679002 1.19578 0.590128 -0.22964 0.759952 1.35223 0.829885 -0.0497574 0.799676 1.40234 0.904474 0.0088242 0.812061 1.35984 0.790057 -0.0964519 0.744318 1.24556 0.726596 -0.0962632 -0.0962632 
0.626998 1.08419 0.514697 -0.238436 0.406282 0.710851 0.254763 -0.284681 0.302618 0.541027 0.224413 -0.201989 0.567311 0.969911 0.565671 -0.114886 0.802131 1.2824 0.74252 -0.117237 0.78647 1.24963 0.697596 -0.123232 0.656765 1.03533 0.500252 -0.181653 0.568472 0.904173 0.366745 -0.267858 0.500543 0.784136 0.244197 -0.353799 0.466737 0.747849 0.238071 -0.346615 0.450467 0.74988 0.265404 -0.325249 0.284897 0.544379 0.208462 -0.252776 0.28128 0.53065 0.235429 -0.200828 -0.200828 
0.302618 0.541027 0.224413 -0.201989 0.567311 0.969911 0.565671 -0.114886 0.802131 1.2824 0.74252 -0.117237 0.78647 1.24963 0.697596 -0.123232 0.656765 1.03533 0.500252 -0.181653 0.568472 0.904173 0.366745 -0.267858 0.500543 0.784136 0.244197 -0.353799 0.466737 0.747849 0.238071 -0.346615 0.450467 0.74988 0.265404 -0.325249 0.284897 0.544379 0.208462 -0.252776 0.28128 0.53065 0.235429 -0.200828 0.524682 0.897859 0.463329 -0.191452 0.669944 1.12124 0.585164 -0.204921 -0.204921 
0.802131 1.2824 0.74252 -0.117237 0.78647 1.24963 0.697596 -0.123232 0.656765 1.03533 0.500252 -0.181653 0.568472 0.904173 0.366745 -0.267858 0.500543 0.784136 0.244197 -0.353799 0.466737 0.747849 0.238071 -0.346615 0.450467 0.74988 0.265404 -0.325249 0.284897 0.544379 0.208462 -0.252776 0.28128 0.53065 0.235429 -0.200828 0.524682 0.897859 0.463329 -0.191452 0.669944 1.12124 0.585164 -0.204921 0.673326 1.12917 0.63524 -0.139924 0.691152 1.11084 0.639886 -0.119588 -0.119588 
0.568472 0.904173 0.366745 -0.267858 0.500543 0.784136 0.244197 -0.353799 0.466737 0.747849 0.238071 -0.346615 0.450467 0.74988 0.265404 -0.325249 0.284897 0.544379 0.208462 -0.252776 0.28128 0.53065 0.235429 -0.200828 0.524682 0.897859 0.463329 -0.191452 0.669944 1.12124 0.585164 -0.204921 0.673326 1.12917 0.63524 -0.139924 0.691152 1.11084 0.639886 -0.119588 0.634528 0.989957 0.521066 -0.173307 0.495129 0.791741 0.375223 -0.197315 0.36001 0.61273 0.253123 -0.217519 -0.217519 
0.500543 0.784136 0.244197 -0.353799 0.466737 0.747849 0.238071 -0.346615 0.450467 0.74988 0.265404 -0.325249 0.284897 0.544379 0.208462 -0.252776 0.28128 0.53065 0.235429 -0.200828 0.524682 0.897859 0.463329 -0.191452 0.669944 1.12124 0.585164 -0.204921 0.673326 1.12917 0.63524 -0.139924 0.691152 1.11084 0.639886 -0.119588 0.634528 0.989957 0.521066 -0.173307 0.495129 0.791741 0.375223 -0.197315 0.36001 0.61273 0.253123 -0.217519 0.288278 0.458017 0.0505252 -0.35438 -0.35438 
0.466737 0.747849 0.238071 -0.346615 0.450467 0.74988 0.265404 -0.325249 0.284897 0.544379 0.208462 -0.252776 0.28128 0.53065 0.235429 -0.200828 0.524682 0.897859 0.463329 -0.191452 0.669944 1.12124 0.585164 -0.204921 0.673326 1.12917 0.63524 -0.139924 0.691152 1.11084 0.639886 -0.119588 0.634528 0.989957 0.521066 -0.173307 0.495129 0.791741 0.375223 -0.197315 0.36001 0.61273 0.253123 -0.217519 0.288278 0.458017 0.0505252 -0.35438 0.304651 0.440424 -0.0740548 -0.501938 -0.501938 
0.626444 1.1002 0.552492 -0.193774 0.640204 1.12288 0.580012 -0.162741 0.64855 1.13664 0.596704 -0.148981 0.64855 1.13664 0.596704 -0.148981 0.626444 1.1283 0.596704 -0.157327 0.603757 1.11747 0.602118 -0.162741 0.654414 1.17148 0.594802 -0.223645 0.651033 1.19255 0.653065 -0.192003 0.683573 1.29416 0.766077 -0.150171 0.517628 1.01951 0.583628 -0.163903 0.386846 0.763279 0.302777 -0.314552 0.350447 0.693228 0.273432 -0.288033 0.477434 0.842428 0.423237 -0.171697 -0.171697 
0.570823 1.08057 0.571535 -0.159678 0.573305 1.09901 0.596123 -0.142986 0.578588 1.11702 0.610333 -0.145918 0.573305 1.09901 0.596123 -0.151332 0.570823 1.08057 0.579881 -0.159678 0.545785 1.04529 0.546497 -0.173438 0.531444 1.02318 0.521328 -0.176951 0.539341 0.978969 0.373901 -0.302562 0.511661 0.909588 0.27819 -0.368111 0.542722 0.997722 0.408896 -0.297148 0.539023 1.01687 0.462007 -0.262443 0.522676 0.995981 0.427227 -0.300051 0.50844 0.964468 0.446926 -0.247522 -0.247522 
0.562477 1.10561 0.59129 -0.193774 0.589997 1.16474 0.646911 -0.171087 0.620449 1.2066 0.671949 -0.165673 0.628795 1.20954 0.662441 -0.176501 0.628795 1.22036 0.680295 -0.165673 0.628795 1.22036 0.680295 -0.165673 0.59248 1.11028 0.546048 -0.24282 0.644035 1.15011 0.552679 -0.258771 0.749705 1.31095 0.717032 -0.169345 0.597894 1.09769 0.662573 -0.0873654 0.441306 0.880805 0.551938 -0.0796001 0.565962 1.03649 0.548792 -0.200378 0.741966 1.24627 0.587964 -0.295798 -0.295798 
0.113462 0.525814 0.419986 0.140271 0.130735 0.553335 0.433747 0.129442 0.121359 0.552013 0.445155 0.140271 0.0894543 0.507961 0.419986 0.143783 0.0938384 0.514986 0.417055 0.134856 0.136149 0.576021 0.456433 0.140271 0.158255 0.598127 0.486305 0.154611 0.160606 0.620814 0.519239 0.138949 0.201755 0.712301 0.676042 0.255185 0.28973 0.835402 0.758284 0.294824 0.280644 0.837012 0.68761 0.210842 0.316247 0.917542 0.712938 0.160025 0.239467 0.728513 0.604544 0.177879 0.177879 
0.127222 0.542506 0.417055 0.121096 0.141563 0.584367 0.448087 0.120516 0.141563 0.592713 0.453501 0.121096 0.127803 0.556266 0.425401 0.121096 0.133217 0.53416 0.403295 0.11275 0.133217 0.53416 0.403295 0.11275 0.136149 0.54792 0.436678 0.145685 0.160737 0.548501 0.439161 0.164118 0.152972 0.47912 0.366267 0.146265 0.0645476 0.330401 0.264663 0.137919 -0.0411492 0.201886 0.225865 0.174366 -0.0603234 0.17978 0.222934 0.177879 0.147427 0.445315 0.353987 0.145816 0.145816 
0.0638358 0.458335 0.362014 0.0900637 0.0913561 0.503708 0.386603 0.0852302 0.140982 0.571188 0.417055 0.0763036 0.152841 0.573089 0.39788 0.0541975 0.135568 0.556847 0.394368 0.0571293 0.121808 0.550983 0.398461 0.0596117 0.208199 0.672342 0.541663 0.15345 0.283866 0.796444 0.699151 0.268045 0.218447 0.740983 0.674431 0.255025 0.0494951 0.512054 0.525683 0.212003 -0.0281008 0.307265 0.322026 0.122969 -0.021076 0.269366 0.225894 0.042208 -0.0212344 0.260991 0.193774 -0.00306296 -0.00306296 
0.0721818 0.480441 0.38412 0.0984097 0.0830101 0.481602 0.364497 0.0768842 0.121808 0.518049 0.375194 0.0763036 0.127222 0.518049 0.380608 0.0906443 0.116394 0.514537 0.392466 0.104404 0.113462 0.534741 0.416474 0.107336 0.155192 0.633544 0.462297 0.0739524 0.135119 0.593714 0.424371 0.045271 0.0309015 0.390275 0.364365 0.127091 -0.0477245 0.227055 0.279716 0.148007 -0.0102477 0.299368 0.197765 -0.027042 0.00248236 0.352928 0.214007 -0.053241 -0.0172725 0.293505 0.215749 0.0183026 0.0183026 
0.130735 0.575441 0.456433 0.120516 0.140982 0.587299 0.458916 0.115682 0.149909 0.584367 0.448087 0.11217 0.149909 0.578372 0.439161 0.115682 0.136149 0.584367 0.461847 0.134856 0.132636 0.578953 0.461847 0.134856 0.119457 0.528746 0.422469 0.129442 0.0806589 0.475027 0.348385 0.0631241 0.00599476 0.378706 0.242688 -0.0246908 0.0780454 0.497293 0.340358 0.011756 0.0930707 0.501487 0.388898 0.0912249 0.0294492 0.372001 0.27684 0.0541975 -0.00573244 0.272718 0.235664 0.078786 0.078786 
0.0667676 0.463749 0.386471 0.140851 0.0800783 0.513215 0.408128 0.11275 0.0882931 0.564744 0.467711 0.131925 0.0907755 0.554496 0.469613 0.140851 0.116394 0.537223 0.427752 0.113331 0.121808 0.523463 0.408578 0.115233 0.11053 0.465491 0.344742 0.0942879 0.0644164 0.403295 0.307134 0.079816 0.0465633 0.435779 0.316481 0.0292908 0.158124 0.640569 0.446214 0.0260967 0.248581 0.760578 0.584977 0.130154 0.10995 0.540736 0.508542 0.201146 -0.0295531 0.24639 0.277421 0.144074 0.144074 
2.50448 2.34544 1.89706 1.5233 1.18605 1.56249 2.53895 2.28826 0.576351 1.24477 1.70716 1.01983 0.503371 1.08731 1.10546 0.470774 0.645618 1.09417 0.893488 0.332855 0.681485 1.13194 0.872411 0.273852 0.60785 1.10326 0.847374 0.223514 0.420146 0.841368 0.624674 0.122782 0.320921 0.62829 0.430319 0.0459539 0.443863 0.783555 0.552229 0.0946813 0.592611 1.04455 0.777674 0.191292 0.448697 0.774469 0.514172 0.0766683 0.228666 0.321156 0.056867 -0.135437 -0.135437 
2.81418 3.82673 4.06119 3.19983 1.9572 2.78958 2.75344 1.93248 1.49601 1.91798 2.00321 1.49625 1.64972 2.38309 2.41086 1.41501 1.74556 2.70309 3.15185 2.02053 1.13013 1.75695 2.69314 2.19151 0.137798 0.61247 2.00143 1.89702 -0.24738 0.245068 2.01222 1.98116 -0.0963096 0.448668 2.21543 2.10487 0.216846 0.775238 2.08214 1.74727 0.3747 0.844139 1.55669 1.1428 0.142068 0.374715 0.625864 0.416634 -0.227187 -0.25967 -0.193222 -0.0890049 -0.0890049 
0.550556 1.48677 3.47412 2.92342 0.271016 1.27147 2.80585 2.23722 0.671424 0.713914 1.19682 1.1495 0.736861 0.295957 -0.190943 -0.0585816 0.272109 0.162349 -0.623109 -0.730604 -0.125189 0.0913273 -0.326337 -0.555947 -0.0846208 0.0328032 0.0109595 -0.0904572 0.0667676 -0.0380574 0.0477245 0.102156 0.127353 -0.0193342 -0.0184337 0.0245884 0.0698306 -0.0930979 -0.097482 -0.0322226 -0.105566 -0.285739 -0.205399 -0.0411492 -0.156775 -0.276493 -0.171697 -0.0256185 -0.128252 -0.125162 0.0684823 0.120618 0.120618 
0.659303 0.904943 1.19727 0.822832 0.64974 0.809174 0.959908 0.625619 0.712124 0.949126 0.956583 0.497264 0.780344 1.15156 1.12464 0.517468 0.68941 1.07732 1.11607 0.534132 0.401159 0.656391 0.530704 0.133217 0.0545622 0.0864937 -0.377994 -0.527556 -0.104883 -0.339879 -1.11314 -1.05221 -0.0689141 -0.507932 -1.42421 -1.24163 0.101359 -0.146237 -1.15062 -1.19451 0.138284 0.226867 -0.584817 -0.88838 0.126773 0.402396 -0.0736341 -0.463749 -0.0426287 0.130546 -0.0174596 -0.199666 -0.199666 
-0.118774 -0.102037 -0.129182 -0.589047 0.613047 0.413731 -0.472589 -0.589885 0.221848 0.1222 -0.623802 -0.771014 -0.174628 0.10892 -0.360274 -0.693228 -0.173074 -0.00715596 -0.289308 -0.495204 0.0695123 0.0925173 -0.169533 -0.333464 0.142724 0.258219 -0.0914872 -0.371072 0.0916184 0.242397 -0.0421792 -0.304173 0.0225555 0.132928 -0.0563616 -0.247391 -0.0749824 -0.0714429 -0.18184 -0.251034 -0.093389 -0.152071 -0.253546 -0.272429 -0.0411492 -0.0264902 -0.0595829 -0.120749 -0.0260679 0.0853325 0.181784 0.106409 0.106409 
0.195863 0.388607 -0.549083 -0.99682 0.0798912 0.202758 -0.22299 -0.444605 0.013413 0.0907467 -0.391305 -0.516728 -0.0356327 0.156644 -0.774976 -1.07561 -0.0459364 0.0679 -1.02842 -1.31217 -0.0814842 -0.103766 -1.1657 -1.34746 -0.0540952 -0.0459539 -1.02868 -1.25494 -0.0538041 0.0229474 -0.628186 -0.846519 -0.146977 -0.114435 -0.292793 -0.361144 -0.0967702 -0.0447927 -0.026359 -0.0853325 0.12371 0.28616 0.17698 -0.0628058 0.216096 0.432107 0.295594 -0.0143407 0.129124 0.328602 0.277843 0.033515 0.033515 
-0.652194 0.524634 1.38982 0.483294 0.0583193 0.244909 0.850089 0.7792 0.0722106 0.319544 0.717004 0.553915 0.116712 0.311649 0.406545 0.203179 0.148879 0.271079 0.0670588 -0.150621 0.122969 0.261282 -0.0980626 -0.347805 0.103795 0.297148 -0.0408309 -0.330372 0.104217 0.300501 0.00554531 -0.297017 -0.0995709 -0.0868136 -0.26205 -0.334045 -0.113566 -0.0931986 -0.223487 -0.284418 0.144599 0.364728 0.143858 -0.171434 0.177879 0.419508 0.178619 -0.181073 -0.0920678 -0.0578123 -0.146528 -0.233631 -0.233631 
-0.345623 -0.34136 -1.57317 -1.75865 -0.315275 -0.331954 -1.44486 -1.59292 -0.133489 -0.179041 -1.15654 -1.3201 -0.0965367 -0.120749 -0.770011 -0.916641 -0.298394 -0.323928 -0.522518 -0.531229 -0.383277 -0.430917 -0.346991 -0.250903 -0.23424 -0.283809 -0.216227 -0.158386 0.0526892 0.115785 0.0909066 -0.0328032 0.113144 0.21736 0.218841 0.054431 -0.0270708 -0.0166631 0.0667676 0.0197549 -0.11098 -0.195413 -0.0872631 -0.0475934 -0.254763 -0.456856 -0.289888 -0.109369 -0.347965 -0.616953 -0.43652 -0.177879 -0.177879 
-0.570721 -0.194092 -1.18403 -1.52015 -0.211985 -0.380739 -1.54369 -1.54744 -0.259972 -0.318963 -1.47561 -1.57509 -0.533533 -0.2045 -1.09196 -1.40701 -0.54082 -0.134378 -0.688089 -0.994368 -0.274809 -0.0591334 -0.328499 -0.493592 -0.228722 -0.23218 -0.206167 -0.135728 -0.358793 -0.469264 -0.256159 -0.0249067 -0.427808 -0.566356 -0.359719 -0.0961896 -0.261892 -0.309136 -0.205952 -0.0918055 -0.289045 -0.362756 -0.221537 -0.0626746 -0.321897 -0.421248 -0.239018 -0.0547781 -0.342896 -0.452922 -0.196631 0.00670651 0.00670651 
2.51011 2.60807 6.54033 7.06167 2.46191 2.23909 5.45353 5.82401 2.56362 2.44096 5.37835 5.5299 2.39218 2.44789 4.85135 4.76716 2.22883 2.24035 4.06568 3.93607 1.75789 1.91192 2.69517 2.24921 1.00011 1.1283 0.838773 0.252201 0.554131 0.690907 -0.017506 -0.636607 0.553944 0.757299 0.139924 -0.488075 0.413467 0.523885 -0.100938 -0.606445 0.203339 0.0400327 -0.602539 -0.877741 0.128121 -0.260466 -0.983831 -1.12323 0.0610352 -0.426619 -1.23769 -1.32947 -1.32947 
4.01314 1.77193 1.41855 2.57596 2.01985 0.722674 0.175316 0.822585 0.148906 0.0973236 -0.482258 -0.643341 0.354858 0.660557 -0.0171414 -0.637085 0.563218 1.15579 0.349762 -0.718717 0.490426 0.918617 0.0604546 -0.968038 0.421813 0.658873 -0.119241 -0.954409 0.0819241 -0.058668 -0.780662 -1.23318 -0.328922 -0.944366 -1.33063 -1.16175 -0.37541 -1.40199 -0.889105 0.256637 -1.87835 -3.81502 -1.09531 2.19529 -4.5263 -7.62568 -2.64469 2.87015 -6.29277 -9.74048 -3.91421 1.7663 1.7663 
0.919208 0.133385 -2.07103 -1.89949 -0.227431 -0.337237 -1.37258 -1.44967 -0.275708 -0.596066 -0.944032 -0.5784 -0.119223 -0.091516 -0.401682 -0.363495 -0.00454244 0.172698 0.028288 -0.0550676 0.0142096 0.182525 0.214935 0.143276 0.0408309 0.116627 0.0435004 0.0103501 0.0928356 0.180174 -0.121854 -0.224413 0.126455 0.142798 -0.183395 -0.231627 1.51178 1.6018 3.22048 3.20663 2.42033 2.50008 5.22347 5.10481 1.4611 1.22306 2.56504 2.42817 -0.0512098 -0.666215 -1.31716 -1.33169 -1.33169 
1.30439 0.600554 0.664599 0.652141 0.696986 0.671937 0.0130292 -0.396004 0.273619 0.58122 -0.366558 -0.983276 0.193278 0.383513 -0.47542 -1.29022 0.520269 0.826418 -0.144306 -1.24895 0.732984 1.22047 0.272747 -0.721573 0.584583 1.05189 0.390462 -0.346296 0.522967 0.979709 0.52484 -0.220002 0.555452 1.0905 0.72831 -0.0616158 0.614192 1.15917 0.761721 -0.0668988 0.60579 0.933987 0.388983 -0.332752 0.338616 0.281008 -0.356702 -0.772044 0.0426287 -0.237882 -0.807723 -0.975512 -0.975512 
1.60422 -0.95341 -7.13522 -8.65944 2.20216 -2.07029 -9.98791 -10.8938 2.81067 -3.09893 -11.938 -11.6616 2.5015 -2.63759 -9.37295 -8.31412 1.46771 -0.58268 -3.48363 -2.98806 0.810157 0.949228 0.0453286 -0.345586 0.737237 0.858453 -0.127241 -0.586686 0.500992 0.704058 0.202787 -0.178302 0.362361 0.656493 0.538919 0.167575 0.426909 0.839045 0.714868 0.216358 0.467609 0.972974 0.821858 0.23186 0.267175 0.658843 0.559358 0.125452 0.0962168 0.335686 0.273065 -0.0011612 -0.0011612 
-0.496319 -0.246652 -1.73494 -2.14995 -0.612686 -0.600421 -2.0492 -2.50505 -0.336481 -0.172231 -0.813035 -0.921108 0.0349673 0.295058 0.137659 -0.0401767 0.121096 0.247335 0.356554 0.305118 0.168371 0.264897 0.301355 0.228001 0.215515 0.325352 0.227721 0.0899789 0.193409 0.302665 0.200332 0.0576252 0.185063 0.277496 0.183059 0.060557 0.216096 0.302084 0.172812 0.0349385 0.240684 0.322869 0.174713 0.0295243 0.241134 0.33795 0.194337 0.0384509 0.23469 0.356384 0.214092 0.0349385 0.0349385 
1.57215 1.7592 3.12752 2.87405 1.31404 1.74789 2.94533 2.5075 0.789253 1.48035 2.79816 2.27802 0.645919 1.32155 2.47917 1.94207 1.00233 1.55966 2.20529 1.55663 0.989808 1.36934 1.52967 0.934334 0.647603 0.986053 0.880653 0.341389 0.507859 0.979258 0.766499 0.129124 0.598212 1.12243 0.843383 0.131896 -0.88546 9.85677 18.7987 11.2289 -2.45971 14.9294 30.2586 18.1257 -2.6826 8.71612 17.1779 8.58031 -1.41251 0.045183 -1.78845 -3.89084 -3.89084 
0.917567 0.70567 -0.502085 -0.909936 1.06497 1.14374 0.152449 -0.421946 0.686636 1.35326 0.711804 -0.17872 0.403773 1.05057 0.6046 -0.1891 0.349313 0.779912 0.393656 -0.211075 0.369517 0.741854 0.2363 -0.376486 0.465389 0.874751 0.284316 -0.414094 0.596442 1.11541 0.502154 -0.31326 0.522911 1.01203 0.484113 -0.259961 0.444369 0.873621 0.444949 -0.210335 0.339038 0.689846 0.400785 -0.129255 0.37747 0.756515 0.428838 -0.151782 0.419566 0.813687 0.340199 -0.309007 -0.309007 
0.184903 0.769824 -0.0329056 -0.817201 0.528877 0.705219 -0.45099 -1.08646 0.635024 0.881037 -0.339561 -1.06903 0.428332 0.993309 -0.0591334 -0.958053 0.203208 0.942522 0.0589735 -0.880166 0.245676 0.895407 0.171172 -0.655593 0.486333 1.03575 0.398621 -0.391147 0.556614 1.08699 0.486202 -0.332855 0.54024 1.01996 0.339964 -0.482763 0.587646 1.08699 0.382407 -0.484216 0.572275 1.05844 0.372 -0.468423 0.489292 0.95293 0.393263 -0.360375 0.508308 1.01116 0.542985 -0.208012 -0.208012 
-0.455658 -0.341605 -3.70961 -4.65605 -0.0151197 0.0852477 -2.71446 -3.38101 -0.0434828 -0.105014 -2.06023 -2.37307 -0.312502 -0.476666 -1.33782 -1.21974 -0.49851 -0.666477 -0.726221 -0.403061 -0.360722 -0.420567 -0.209305 0.0492792 -0.186674 -0.163858 0.0890337 0.285973 -0.110793 -0.078466 0.247345 0.482416 -0.0560705 0.0120919 0.36165 0.58077 -0.2653 -0.285348 0.0726329 0.384906 -1.91927 -2.89543 -1.38297 0.431368 -4.14524 -6.39697 -3.06593 0.895349 -5.32419 -8.27872 -3.86939 1.28798 1.28798 
0.664724 0.263416 -3.25601 -4.17257 0.996184 0.156052 -2.89236 -3.2791 0.717455 0.417101 -1.35213 -1.83498 0.660671 0.664332 -0.373948 -1.03615 0.871034 0.66259 -0.320649 -0.806384 0.919367 0.709472 -0.0471039 -0.482792 0.861556 0.961218 0.614875 0.0757406 0.775379 1.23193 1.1567 0.459496 0.596021 1.21112 1.09516 0.305813 0.378079 1.13094 1.0397 0.195311 0.318178 1.02963 0.940256 0.142753 0.531763 1.14045 0.876767 0.0696994 0.642106 1.1486 0.620131 -0.208012 -0.208012 
2.50448 2.34544 1.89706 1.5233 1.18605 1.56249 2.53895 2.28826 0.576351 1.24477 1.70716 1.01983 0.503371 1.08731 1.10546 0.470774 0.645618 1.09417 0.893488 0.332855 0.681485 1.13194 0.872411 0.273852 0.60785 1.10326 0.847374 0.223514 0.420146 0.841368 0.624674 0.122782 0.320921 0.62829 0.430319 0.0459539 0.443863 0.783555 0.552229 0.0946813 0.592611 1.04455 0.777674 0.191292 0.448697 0.774469 0.514172 0.0766683 0.228666 0.321156 0.056867 -0.135437 -0.135437 
-0.876831 -0.452585 -4.01218 -4.69208 -1.24849 0.177634 -3.35352 -5.04961 -0.315867 -0.232861 -3.36478 -4.12426 0.332525 -0.218681 -2.24474 -2.34746 0.32686 0.697511 -0.253096 -0.891893 0.131899 1.03092 0.658046 -0.275781 0.0793649 0.578692 0.351955 -0.193616 0.014603 0.131315 -0.132505 -0.32863 0.146105 0.41019 0.115522 -0.235373 0.273563 0.572029 0.223356 -0.207432 0.254153 0.51953 0.18303 -0.23186 0.235982 0.484665 0.197633 -0.19235 0.421626 0.807881 0.559096 0.0250379 0.0250379 
-0.218503 -0.00467522 -0.517131 -0.811236 -0.405065 0.0987008 -0.0622828 -0.483896 -0.379896 0.140271 0.161102 -0.238117 -0.117555 0.245939 0.345585 0.0351544 0.103083 0.395109 0.533449 0.240656 0.228377 0.476609 0.591552 0.292315 0.138631 0.226315 0.340649 0.19058 0.0521358 0.057131 0.165017 0.111242 0.173467 0.337846 0.418376 0.205661 0.282545 0.55991 0.666666 0.354961 0.25006 0.504449 0.616328 0.34062 0.268205 0.54718 0.618229 0.2995 0.282545 0.55991 0.666666 0.354961 0.354961 
0.781665 1.01264 2.37068 2.21711 0.737565 0.839104 2.37411 2.38453 0.408402 0.654327 2.37268 2.39906 0.367336 0.839975 2.36075 2.16633 0.443396 0.951476 2.29834 2.03166 0.363842 0.688874 1.68858 1.51516 0.0552548 0.183032 0.722792 0.679687 -0.0363156 0.0762748 0.294666 0.214588 0.0604546 0.15049 0.322055 0.235504 0.0929667 0.16499 0.299106 0.206242 0.0679017 0.128223 0.161 0.0251402 -0.0699906 -0.0717036 -0.0885554 -0.182683 -0.173786 -0.205632 -0.182132 -0.227636 -0.227636 
0.49042 1.64577 4.50016 4.00328 0.55758 1.21089 3.69028 3.51407 0.609922 1.00255 2.88398 2.78289 0.49601 0.922636 2.73346 2.63459 0.310976 0.755483 2.66637 2.64013 0.184409 0.491109 1.85563 1.84995 0.107363 0.216358 0.686056 0.631802 0.0005806 0.0370274 0.0626746 -0.0219749 0.0303209 0.125743 0.11201 -0.0297403 0.0712829 0.204761 0.145366 -0.0411492 0.0613535 0.157356 0.11378 -0.0392474 0.0191743 0.0562016 0.0657376 -0.0250667 0.0005806 0.0370274 0.0626746 -0.0219749 -0.0219749 
0.462086 -0.664745 -6.46391 -7.22926 -0.418704 -0.0308678 -3.19303 -4.21808 -0.687734 0.3323 -2.52218 -3.81517 -0.301787 0.0245596 -3.31967 -4.248 -0.181618 -0.297785 -3.35554 -3.89075 0.026215 -0.0601923 -2.04893 -2.45129 0.219105 0.409552 -0.213774 -0.603047 0.281384 0.563974 0.712199 0.402236 0.213482 0.417926 0.546235 0.315001 0.0377679 0.147978 0.376515 0.301241 -0.0223684 0.0481756 0.24932 0.21588 -0.0332527 -0.043342 0.0336749 0.0168231 0.0511058 0.0660287 0.0414675 -0.0739524 -0.0739524 
-0.356451 0.0747665 -1.83742 -2.61774 -0.564988 0.202598 -1.14745 -2.01926 -0.590156 0.0961608 -0.573521 -1.20441 -0.378997 0.248872 -0.120647 -0.666 -0.172914 0.528557 0.119401 -0.541579 0.0498134 0.710822 0.403322 -0.266245 0.156775 0.53281 0.454533 0.046824 0.280831 0.527558 0.502921 0.183686 0.283866 0.5991 0.607692 0.234343 0.114203 0.330503 0.419406 0.178693 -0.0924901 -0.049887 0.0807149 0.0480156 0.0721818 0.194383 0.199985 0.0377391 0.283866 0.5991 0.607692 0.234343 0.234343 
3.60309 3.946 10.9431 11.011 1.41349 2.72294 9.36285 9.31471 0.0240159 1.60784 7.23907 7.03231 0.200844 1.01817 3.50961 3.20772 0.310993 0.519791 1.17378 1.03929 0.43148 0.623296 1.13604 0.942971 0.391783 0.539546 0.999287 0.824836 0.223281 0.335366 0.638434 0.503811 0.0005806 0.0380574 0.151099 0.113144 0.0467217 0.169534 0.178066 0.0336461 0.225576 0.459888 0.468002 0.166834 0.320632 0.542769 0.431611 0.057494 0.141694 0.165382 0.0448215 -0.128252 -0.128252 
-2.42238 -0.00359082 -3.85165 -6.66484 -1.12713 -0.136409 -3.23319 -4.47435 -0.061723 -0.491037 -4.06577 -4.30732 0.233196 -0.114491 -3.03183 -3.3678 0.0374705 0.137673 -0.898086 -1.17265 0.0770425 0.262923 0.222147 0.0759565 0.101735 0.338109 0.203788 -0.0328032 0.15123 0.43501 0.257376 -0.0535881 0.0701489 0.248263 0.20997 0.0340956 0.0431821 0.157777 0.216227 0.116047 -0.0466945 0.0430221 0.189897 0.150752 -0.0897166 -0.0557794 0.0288686 0.0169254 -0.0023512 0.0601347 0.0424991 -0.0667676 -0.0667676 
-28.5453 -42.6294 -20.8425 4.8408 -48.9327 -76.593 -39.6512 8.25327 -72.5464 -113.773 -59.3865 12.3255 -90.9489 -138.066 -72.1111 13.6527 -103.788 -150.496 -78.874 12.1021 -108.514 -154.233 -82.2088 9.32747 -105.945 -152.076 -83.1454 6.8943 -102.623 -149.408 -82.8502 6.10805 -102.362 -149.215 -82.6729 6.32899 -102.076 -149.072 -82.8297 6.09043 -101.18 -148.392 -82.8368 5.77766 -99.9051 -147.291 -82.4742 5.76955 -99.1605 -146.625 -82.2979 5.66747 5.66747 
-20.2785 -33.892 -20.1507 2.26082 -22.9019 -37.8183 -20.6846 4.52611 -11.1529 -17.9935 -8.2217 3.92355 0.393957 1.11541 2.41064 1.85706 0.50118 0.73451 0.898902 0.472676 0.425194 0.465333 0.331516 0.0264902 0.35367 0.417128 -0.0342827 -0.416082 0.368673 0.483186 -0.1527 -0.628071 0.35367 0.417128 -0.0342827 -0.416082 0.284897 0.308108 -0.167444 -0.500225 0.12236 0.157908 -0.856927 -1.28449 0.12236 0.157908 -0.856927 -1.28449 0.144599 0.150883 -0.666403 -1.02694 -1.02694 
-1.87019 -1.00521 1.51764 2.18518 -2.80665 -2.03923 2.301 4.11886 -4.34744 -3.70055 3.83813 7.45123 -4.81742 -4.25882 5.30558 9.86188 -3.70103 -3.44271 5.40063 9.59597 -2.63233 -2.77584 5.02025 8.95068 -2.22898 -2.53334 5.1606 9.12068 -2.0909 -2.38871 5.27654 9.22529 -35.7033 -44.7008 -18.5215 7.16234 -91.2602 -115.588 -57.619 5.73308 -125.899 -162.283 -82.7784 7.91343 -114.942 -150.757 -77.6536 9.6218 -80.5672 -100.417 -53.8405 1.6685 1.6685 
-1.16623 -0.80642 1.49705 2.61248 -1.51687 -1.43903 1.19432 2.87025 -1.49902 -1.53945 1.21469 3.151 -1.24579 -1.25551 1.50835 3.45108 -1.38487 -1.41226 1.6698 3.79099 -5.20974 -6.80043 -2.4868 1.77714 -10.679 -14.8152 -8.61774 -1.07523 -14.9621 -21.2924 -11.9376 -1.09155 -21.6786 -31.2573 -15.0149 1.78829 -34.2504 -50.5205 -24.0017 4.17036 -48.1433 -73.3193 -37.3397 5.27202 -61.4304 -95.2781 -52.2431 4.31077 -56.0315 -87.0771 -49.7542 2.30705 2.30705 
-1.62268 -2.62479 0.445237 3.07028 -1.65665 -3.79711 -0.792192 2.783 -6.42644 -18.244 -24.4816 -15.1178 -20.2492 -46.0767 -53.4684 -30.8567 -34.8848 -67.6815 -61.762 -27.2747 -39.9374 -70.6917 -52.7109 -15.8404 -37.9574 -67.9243 -52.4356 -17.6186 -38.0842 -68.0939 -52.1021 -16.8018 -38.9271 -69.2782 -52.0799 -15.8127 -38.1327 -68.1743 -52.0321 -16.6771 -38.0842 -68.0939 -52.1021 -16.8018 -39.9764 -70.7301 -52.5572 -15.4218 -39.9374 -70.6917 -52.7109 -15.8404 -15.8404 
-32.9683 -48.2243 -23.7813 3.26149 -53.3854 -82.6598 -44.2884 2.5448 -76.0605 -120.999 -66.9755 2.01469 -89.6432 -143.857 -80.5298 1.55725 -92.8907 -149.516 -83.9561 1.47121 -91.2492 -147.283 -82.8223 1.54917 -89.0709 -144.126 -81.146 1.66183 -87.8431 -142.301 -80.1959 1.65304 -87.738 -142.153 -80.1321 1.63341 -87.6072 -141.975 -80.0467 1.628 -87.5856 -141.939 -80.0251 1.628 -87.6324 -142.001 -80.054 1.63341 -87.6072 -141.975 -80.0467 1.628 1.628 
-6.09345 -10.2198 -9.72896 -5.68242 -5.84154 -10.2883 -9.78952 -5.57736 -5.93942 -10.4465 -9.81321 -5.55235 -6.16547 -10.7075 -9.8355 -5.44694 -6.75343 -11.6939 -10.2203 -5.16503 -23.9046 -38.0463 -22.5939 -2.41035 -31.5406 -49.4111 -26.7681 0.663067 -16.3179 -25.5197 -12.8344 2.03971 1.5788 1.30913 1.49864 1.75855 -0.16574 -2.02792 -0.94265 1.13594 -1.59731 -3.04957 -1.61408 0.791783 -2.93859 -2.95969 0.392418 2.47902 -3.76523 -3.37723 1.80962 4.15994 4.15994 
-6.68886 -12.8902 -11.2663 -5.39514 -7.0995 -12.7254 -10.4934 -4.69041 -7.14109 -12.3658 -9.72709 -3.99913 -7.07984 -12.3955 -9.39909 -3.42903 -6.93556 -12.3461 -9.19826 -3.11025 -6.39905 -10.3305 -5.9681 -0.209738 -5.64865 -7.08775 -0.617486 4.57114 -4.98288 -4.58562 3.10666 7.49128 -9.08756 -10.4976 1.55028 9.92406 -22.6879 -31.0276 -5.72087 16.5712 -26.1886 -36.9432 -8.7736 17.2757 -13.6409 -18.7717 -3.43051 9.93478 -2.24374 -1.8876 2.28916 4.13102 4.13102 
-11.3638 -16.0445 -8.99965 -1.17129 -11.0606 -13.9621 -7.6808 -1.39271 -10.4561 -13.4884 -8.23826 -2.3347 -11.089 -17.7491 -12.5324 -4.10843 -14.8159 -26.2713 -19.4056 -6.47372 -12.3852 -23.3966 -14.1144 -1.3901 -3.19292 -8.93006 0.215304 7.12685 2.6695 1.85604 8.89244 10.3467 1.47868 1.72217 7.21017 7.69918 1.21319 0.799855 5.03988 5.86829 1.20041 0.400043 2.4157 3.13428 0.59837 0.267858 1.1332 1.4598 -0.107568 -0.0913561 0.608954 0.840731 0.840731 
-106.316 -164.362 -86.2243 4.17335 -107.713 -166.404 -87.388 4.01763 -108.666 -168.312 -88.4705 4.08305 -70.6726 -113.564 -55.3219 10.4813 -16.1848 -30.5478 -8.12384 13.9734 8.32504 10.5397 11.3059 8.63894 -0.0745058 0.738612 1.80498 1.49293 -0.107568 -0.0913561 0.608954 0.840731 -0.560943 0.275212 1.04482 0.766217 -0.381289 0.84211 1.72731 1.14045 -0.0745058 0.738612 1.80498 1.49293 -0.107568 -0.0913561 0.608954 0.840731 -0.560943 0.275212 1.04482 0.766217 0.766217 
-4.77791 -9.8686 -7.80205 -3.06511 -6.66808 -13.1741 -9.45485 -2.67395 -7.06683 -13.783 -9.29921 -1.95692 -7.30464 -13.9424 -9.54087 -2.22665 -8.1874 -14.2914 -9.69853 -2.59243 -20.2702 -35.3401 -26.5201 -9.68832 -39.0381 -68.8881 -53.2491 -20.5167 -51.3813 -90.2436 -69.746 -26.6221 -55.9399 -97.2668 -74.4425 -27.4239 -61.4357 -106.964 -81.7835 -29.3538 -64.4898 -111.517 -84.3644 -28.9269 -66.8105 -114.019 -84.6681 -27.5362 -49.553 -85.2682 -62.3035 -19.1373 -19.1373 
-11.1482 -14.1008 -8.36355 -1.78316 -23.3501 -30.9344 -16.6988 -1.46362 -45.4581 -63.0668 -33.4643 -1.09241 -73.1224 -104.393 -56.7265 -2.0973 -99.2249 -143.628 -81.7716 -5.98941 -82.5745 -120.065 -70.8201 -7.35582 -33.0847 -48.1644 -29.9366 -4.62488 0.0277537 0.0870471 -1.42788 -1.8513 0.0611376 0.272502 -1.2724 -1.84408 0.0174037 0.335019 -0.829885 -1.39003 0.0141824 0.340433 -0.736525 -1.28262 0.045794 0.352581 -0.95705 -1.55129 0.0174037 0.335019 -0.829885 -1.39003 -1.39003 
-72.2831 -120.769 -64.9965 5.70014 -24.1831 -43.9376 -15.5731 14.2487 2.75199 1.22896 10.098 13.6238 2.06014 2.1812 7.77195 8.74664 2.27131 2.63452 7.58923 8.06431 1.73083 2.17444 5.21287 5.19903 0.797941 1.32609 1.3311 0.610103 -0.0740836 0.0867848 -0.613527 -0.909588 0.0693812 0.223645 -0.405065 -0.699833 0.2335 0.327572 -0.156615 -0.385413 0.324275 0.382031 0.0644452 -0.114914 0.384467 0.47468 0.276869 0.0604546 0.397647 0.521083 0.502894 0.291603 0.291603 
-4.47429 -6.91384 -4.29043 -0.490299 -4.11655 -6.67719 -4.41537 -0.625064 -1.41156 -2.91223 -2.74271 -1.04344 0.152044 -0.230437 -1.23038 -1.16435 -0.250801 0.0131507 -0.807517 -1.17013 -0.396428 0.223805 -0.550067 -1.18405 -0.257957 0.387286 -0.67549 -1.43608 0.00786771 0.329313 -0.926495 -1.50711 0.0113801 0.0317444 -0.673081 -0.829089 -0.162928 -0.185615 -0.16618 -0.0370562 -0.280775 -0.264214 0.089136 0.316641 -0.286189 -0.287481 0.0724441 0.312388 -0.316641 -0.287481 0.0902972 0.293954 0.293954 
-4.29236 -8.09597 -4.89694 -0.527675 -2.79042 -6.06019 -4.33642 -1.12636 -1.70875 -4.50808 -3.59038 -1.16583 -1.49575 -4.08786 -3.2005 -0.896306 -2.88569 -6.81117 -4.67543 -0.517494 -3.55015 -7.60872 -4.80289 -0.017391 -2.13506 -4.06584 -2.52549 -0.0222916 -2.44612 -3.17838 -2.42576 -0.742173 -5.57783 -8.08539 -6.07136 -1.37191 -7.27182 -11.2976 -8.58337 -1.73621 -5.90856 -9.25188 -7.14727 -1.65459 -5.08011 -7.53812 -4.93031 -0.51215 -7.49906 -10.8857 -4.8328 2.08546 2.08546 
-57.5722 -92.9715 -46.2521 14.4418 -66.9218 -111.733 -60.4151 11.8198 -71.2263 -124.58 -71.2094 10.5664 -60.7878 -100.679 -51.7646 16.7935 -33.8366 -43.564 -13.7994 16.9629 -10.8589 -4.63714 4.94287 7.88549 -3.98071 0.238263 0.635252 -1.6208 -4.47848 -1.6557 -0.323848 -0.945689 -3.86767 -3.287 -1.58958 -0.545441 -2.76208 -5.60148 -3.48651 -0.019275 -1.34509 -0.2098 -0.756182 -1.94122 -1.41842 2.07713 0.687126 -2.63885 -1.34509 -0.2098 -0.756182 -1.94122 -1.94122 
0.323403 0.34255 0.295491 0.289672 0.0532698 -0.098512 0.106596 0.429306 0.0681912 -0.126744 0.118165 0.441165 0.0129364 -0.491692 -0.230118 0.52914 -0.11545 -0.92477 -0.601424 0.741797 -0.50235 -1.3834 -0.788023 1.00472 -0.913066 -1.70066 -0.601192 1.50272 -1.09103 -2.02021 -0.405252 2.20049 -0.99571 -2.19381 -0.360984 2.60157 -0.917403 -2.40124 -0.574382 2.75206 -0.665967 -2.01411 -0.857666 1.79389 -0.360674 -1.18701 -1.02862 0.10821 -0.0506563 -0.521909 -1.10422 -1.06206 -1.06206 
-6.04072 -12.3271 -7.20633 2.52094 -23.1385 -42.9698 -22.6711 10.6744 -45.3504 -79.7407 -42.4513 16.9827 -64.2728 -107.331 -59.6197 16.0298 -79.1127 -126.114 -74.0809 9.57276 -85.332 -133.275 -79.7404 6.34717 -86.3685 -134.264 -80.8147 5.37119 -64.8515 -100.659 -60.763 3.54142 -29.1184 -45.0171 -27.4932 0.676178 -5.65316 -9.55847 -5.45914 0.621759 -5.6347 -9.54396 -5.46002 0.6071 -5.62564 -9.58057 -5.48373 0.612964 -5.63354 -9.63838 -5.50056 0.650572 0.650572 
-5.62564 -9.58057 -5.48373 0.612964 -5.63354 -9.63838 -5.50056 0.650572 -5.60132 -9.53855 -5.40569 0.713958 -5.44893 -9.23206 -5.23954 0.699037 -5.36592 -9.07792 -5.18214 0.668454 -5.12988 -8.84125 -5.51938 -0.109539 -4.73438 -8.52608 -6.23997 -1.57056 -5.01069 -9.42963 -7.62454 -2.75597 -5.58312 -10.3219 -7.78701 -2.051 -5.64268 -9.9272 -6.45595 -0.401647 -5.12988 -8.84125 -5.51938 -0.109539 -4.73438 -8.52608 -6.23997 -1.57056 -5.01069 -9.42963 -7.62454 -2.75597 -2.75597 
-0.539922 -0.182946 -0.206936 -0.37849 -0.717482 -0.426055 -0.428708 -0.51477 -0.746219 -0.442777 -0.49244 -0.608159 -0.725247 -0.400886 -0.404411 -0.518123 -1.74742 -2.52489 -1.95681 -0.851307 -3.41955 -6.08536 -4.82972 -1.79772 -5.01069 -9.42963 -7.62454 -2.75597 -6.58802 -12.4344 -9.99445 -3.2914 -10.6457 -19.1767 -14.2811 -3.44303 -50.1916 -69.3639 -47.7327 -9.6556 -105.528 -136.296 -93.5004 -20.5193 -102.109 -128.474 -85.7874 -16.5025 -42.5674 -54.1003 -32.8017 -1.4872 -1.4872 
0.366745 0.695 0.46713 0.0494951 -0.013629 0.098512 0.0438938 -0.0330655 -0.317063 -0.207664 -0.223094 -0.199188 -0.414628 -0.10686 -0.151024 -0.288193 -0.539922 -0.182946 -0.206936 -0.37849 -0.717482 -0.426055 -0.428708 -0.51477 -0.746219 -0.442777 -0.49244 -0.608159 -0.725247 -0.400886 -0.404411 -0.518123 -1.74742 -2.52489 -1.95681 -0.851307 -3.41955 -6.08536 -4.82972 -1.79772 -5.01069 -9.42963 -7.62454 -2.75597 -6.58802 -12.4344 -9.99445 -3.2914 -10.6457 -19.1767 -14.2811 -3.44303 -3.44303 
0.0253562 0.143175 0.101182 0.0465633 -0.0923861 -0.0951596 -0.0803966 0.0118584 -0.117846 -0.160128 -0.161898 -0.0514992 -0.170113 -0.203759 -0.150518 -0.0286814 -0.138631 -0.150621 -0.0549093 0.0603234 -0.0805278 -0.180492 -0.139081 0.0178531 -0.0323538 -0.176239 -0.187067 -0.0364468 -0.762863 -1.50144 -1.02848 -0.163773 -1.66966 -3.5754 -2.42964 -0.352448 -2.15605 -5.041 -3.20161 -0.0760317 -2.19387 -5.15979 -2.75788 0.670599 -1.83322 -3.91866 -1.68298 1.0496 -0.958699 -1.85637 -0.589134 0.827692 0.827692 
-2.19387 -5.15979 -2.75788 0.670599 -1.83322 -3.91866 -1.68298 1.0496 -0.958699 -1.85637 -0.589134 0.827692 -0.510631 -0.826446 -0.259727 0.411031 -0.820883 -1.26999 -0.620027 0.274809 -1.89386 -2.79405 -1.37352 0.488234 -2.52978 -3.62254 -1.65038 0.702271 -1.74992 -2.62051 -1.28728 0.241527 -24.7583 -43.4762 -24.7285 0.502582 -64.471 -113.435 -64.5583 1.38883 -88.7822 -156.69 -89.4856 1.42998 -88.0997 -156.907 -90.8475 -0.109777 -68.0943 -122.858 -79.6492 -10.0704 -10.0704 
0.0328032 0.1502 0.0357062 -0.0245884 -0.0323538 0.0721818 0.0633864 0.0446904 0.0127301 0.125452 0.0933602 0.0368962 0.0565199 0.201437 0.105697 -0.0127013 0.143465 0.329792 0.125452 -0.0771177 0.185775 0.379998 0.185326 -0.0193054 0.0585528 0.156484 0.133217 0.095609 -0.0835907 -0.116946 -0.106306 0.00277184 -0.123129 -0.210626 -0.210204 -0.0489881 -0.131184 -0.220582 -0.0780742 0.136729 -0.243616 -0.438233 -0.00634184 0.419406 -0.312417 -0.656173 -0.164859 0.425981 -0.409056 -0.645346 -0.0548053 0.507408 0.507408 
-0.198692 -0.370941 -0.818476 -0.678786 -0.315536 -0.512374 -0.733883 -0.485695 -0.39524 -0.64244 -0.64086 -0.268336 -0.317858 -0.550592 -0.497901 -0.137919 -0.223543 -0.398461 -0.377067 -0.0890049 -0.252674 -0.424079 -0.298919 0.0336461 -0.163669 -0.269366 -0.145207 0.0992238 -0.267782 -0.50593 -0.333042 0.058684 -22.7769 -37.9248 -27.9559 -8.80068 -59.5916 -99.0488 -73.1235 -23.3931 -81.7662 -135.807 -100.306 -32.2244 -81.6551 -135.601 -100.139 -32.1647 -81.5356 -135.422 -100.012 -32.1402 -32.1402 
0.0142096 0.0670588 -0.102184 -0.150171 0.301851 0.500007 0.16322 -0.135671 0.224124 0.431816 0.267755 0.0483339 -0.157805 -0.134218 0.102605 0.29934 -0.340518 -0.500748 -0.127934 0.340039 -0.246548 -0.469744 -0.284868 0.160708 -0.121227 -0.255737 -0.228928 0.0437627 -0.0333838 -0.099702 -0.116076 0.0443433 -0.0106972 -0.0878437 -0.0436027 0.137441 -0.805409 -1.24137 -0.253704 0.77257 -1.4839 -2.06893 -0.400232 1.12673 -1.18837 -1.50423 -0.336191 0.654332 -0.590128 -0.452124 -0.113387 0.0132355 0.0132355 
-0.413542 0.0758542 0.0195389 -0.344657 -0.514911 -0.137763 -0.0816698 -0.297513 -0.982539 -0.830191 -0.3485 -0.151884 -1.77321 -1.85385 -0.812443 -0.138388 -2.28473 -2.54409 -1.11628 -0.0887585 -2.21031 -2.53578 -1.11694 -0.0213112 -1.68637 -1.98778 -0.820416 0.0789747 -1.33584 -1.54172 -0.556146 0.0938656 -31.2834 -39.2974 -21.0637 -0.282171 -81.5928 -104.109 -56.7039 0.067889 -115.119 -148.902 -81.9876 1.38251 -119.445 -157.39 -87.8472 2.98678 -121.258 -162.486 -92.1564 3.55251 3.55251 
-0.276101 -0.480993 -0.103027 0.388055 -0.128702 -0.399202 0.0300026 0.564686 -0.074533 -0.414254 -0.153524 0.35319 -0.785814 -1.21588 -0.805484 0.0673211 -1.89188 -2.40203 -1.44814 0.0860443 -2.5689 -3.25944 -2.00069 0.0648099 -4.91026 -7.11259 -4.43335 -0.0777831 -12.3458 -18.9937 -10.7641 1.2173 -23.0692 -35.7091 -20.0428 2.6066 -21.3874 -32.8354 -18.4 2.32214 -8.72833 -13.157 -7.26463 0.882298 0.0243533 -0.0081572 0.273356 0.293954 -0.275071 -0.77592 -0.509863 0.0519487 0.0519487 
0.105697 0.192931 0.102184 0.0345738 -0.100601 -0.030612 -0.0672171 0.0064442 -0.470353 -0.448058 -0.293505 0.0287102 -0.601987 -0.652558 -0.368487 0.0812395 -0.457361 -0.606604 -0.302169 0.167313 -0.276101 -0.480993 -0.103027 0.388055 -0.128702 -0.399202 0.0300026 0.564686 -0.074533 -0.414254 -0.153524 0.35319 -0.785814 -1.21588 -0.805484 0.0673211 -1.89188 -2.40203 -1.44814 0.0860443 -2.5689 -3.25944 -2.00069 0.0648099 -4.91026 -7.11259 -4.43335 -0.0777831 -12.3458 -18.9937 -10.7641 1.2173 1.2173 
-0.275071 -0.77592 -0.509863 0.0519487 -0.119063 -0.519661 -0.37303 0.0305832 -0.0382174 -0.279585 -0.252093 -0.0436315 -0.192088 -0.548792 -0.462906 -0.121648 -0.347702 -0.841368 -0.656867 -0.152682 -0.368487 -0.834792 -0.596283 -0.0995421 -1.69198 -2.83046 -1.58235 0.143334 -4.0584 -6.44377 -3.28625 0.723448 -5.59603 -8.73381 -4.37995 1.02891 -5.77423 -8.94824 -4.44859 1.05681 -5.54136 -8.49705 -4.13937 1.07241 -4.95879 -7.42434 -3.42942 1.14404 -4.51104 -6.65319 -3.01988 1.07231 1.07231 
0.106962 0.252034 0.161422 0.0733718 0.208068 0.43668 0.240843 0.013629 0.160868 0.338558 0.153844 -0.0233984 0.0967702 0.233631 0.072313 -0.0700929 0.0421792 0.162799 0.0606129 -0.0436027 0.169664 0.373263 0.306684 0.132505 0.228245 0.437521 0.417504 0.249133 0.174816 0.31487 0.305841 0.205399 0.157674 0.264795 0.211974 0.12429 -0.644886 -1.48887 -1.16479 -0.291894 -2.03572 -4.59081 -3.28015 -0.5692 -2.55575 -5.48706 -3.49361 -0.209306 -1.92511 -3.90724 -2.1901 0.162668 0.162668 
-1.40166 -2.46798 -0.992223 0.562344 -1.23234 -1.93413 -0.517932 0.720996 -0.850566 -1.00031 -0.150208 0.407893 -0.578241 -0.316643 0.0770905 0.15464 -0.588302 -0.317033 0.270498 0.409187 -0.470614 -0.29934 0.420801 0.633834 -17.2805 -30.1514 -16.8785 1.27275 -26.9595 -50.7895 -29.2405 2.04047 -13.4762 -31.674 -17.7133 3.63369 4.39653 -0.754919 1.70343 5.34427 2.86326 0.293246 3.65594 5.97604 1.11794 0.348384 3.78153 4.90785 0.123412 0.665767 3.75899 3.92191 3.92191 
-0.0544598 -0.321446 -0.183395 0.14988 0.114043 -0.189287 -0.145469 0.128646 0.01999 -0.635345 -0.665719 -0.240133 -0.352115 -1.6489 -1.65829 -0.801727 -0.768991 -2.57202 -2.40607 -1.04902 -0.998239 -2.97422 -2.77012 -1.15384 -2.06211 -4.29839 -3.46754 -1.05741 -3.59606 -6.18151 -4.02286 -0.339008 -4.54396 -7.50549 -4.26807 0.41534 -7.0798 -11.3679 -5.91884 1.11075 -16.0229 -24.6917 -12.0249 2.82512 -33.1782 -50.2598 -23.8372 5.8151 -51.5209 -80.1876 -40.2055 6.90151 6.90151 
-0.601304 -1.89307 -1.39181 -0.230568 -0.911688 -2.56522 -1.93921 -0.38235 -0.894415 -2.49584 -1.96482 -0.442224 -0.776438 -2.16447 -1.74643 -0.459047 -0.657955 -1.83246 -1.53311 -0.508513 -0.69694 -1.80013 -1.47739 -0.5022 -1.81556 -3.86792 -2.72201 -0.319702 -4.5634 -9.10828 -5.43844 0.714548 -11.2658 -21.3846 -10.52 4.36558 -23.8251 -43.2492 -19.3069 10.4911 -40.3073 -71.7411 -33.0126 14.8412 -54.5338 -98.9043 -50.8212 13.2034 -63.3773 -119.71 -67.6649 8.74784 8.74784 
-0.137339 -0.162741 -0.235139 -0.177663 -0.252412 -0.335468 -0.278059 -0.0952619 -0.172306 -0.175601 -0.0585816 0.0811372 -0.0848079 -0.0316148 0.0597892 0.144364 -0.0231089 0.0384061 0.0929667 0.13969 -0.0395657 -0.0434732 0.0309766 0.133086 -0.399126 -0.528794 -0.163359 0.218793 -1.0841 -1.47374 -0.669377 0.195397 -1.36989 -1.93054 -0.953298 0.114372 -1.14754 -1.77044 -0.964415 -0.00498229 -0.865574 -1.41796 -0.784157 0.000300711 -0.774667 -1.33836 -0.767494 -0.0107147 -0.777572 -1.33627 -0.772561 -0.0330831 -0.0330831 
0.0814266 0.076857 0.123766 0.222934 -0.0181714 -0.0593222 -0.0894543 0.0311638 -0.0206266 -0.0863626 -0.161711 -0.0405398 0.0133107 -0.095609 -0.148138 0.00422416 0.0752448 -0.0130484 -0.0598452 0.0567822 -0.46104 -0.773816 -1.75365 -1.51956 -1.00353 -1.68199 -3.82752 -3.34455 -0.865088 -1.65353 -4.33911 -3.84804 -0.374129 -1.06526 -3.14353 -2.71467 -0.273048 -1.03478 -2.13348 -1.45543 -0.0302745 -0.938483 -1.81184 -1.02338 0.0983425 -0.86198 -2.22514 -1.56075 -0.0671164 -0.894721 -1.87937 -1.21667 -1.21667 
0.0983425 -0.86198 -2.22514 -1.56075 -0.0671164 -0.894721 -1.87937 -1.21667 -0.276896 -0.789477 -0.82418 -0.153508 -0.357659 -0.649524 -0.392017 0.150302 -0.467871 -0.719166 -0.479411 0.0222372 -0.488974 -0.712461 -0.461585 0.00847711 -1.69892 -2.31898 -0.966387 0.388823 -3.76803 -5.09011 -1.88782 1.00507 -5.02074 -6.74948 -2.42588 1.39024 -5.02016 -6.74407 -2.42588 1.39024 -4.99264 -6.70411 -2.43481 1.3538 -4.99264 -6.69869 -2.44857 1.33169 -4.98971 -6.70762 -2.44563 1.34545 1.34545 
-0.122998 -0.061747 -0.118614 -0.0671323 -0.155773 -0.0652594 -0.125959 -0.0766395 -0.191058 -0.20167 -0.0880308 0.131213 -0.427545 -0.84314 -0.70019 -0.210205 -0.707554 -1.49867 -1.58958 -1.0508 -0.72446 -1.60514 -1.92025 -1.50898 -0.710251 -1.46226 -1.72573 -1.40241 -0.873733 -1.49793 -1.63538 -1.26388 -0.922356 -1.41643 -1.47718 -1.14474 -0.797167 -1.26256 -1.24936 -0.915048 -0.504796 -0.885522 -0.826777 -0.503622 -0.0117272 -0.0781494 -0.1586 -0.0922006 0.148561 0.214688 0.100124 0.0461139 0.0461139 
0.0466945 -0.0297403 -0.125583 -0.0262279 -0.111616 -0.344745 -0.253178 0.0294492 -0.696116 -1.34415 -0.900066 -0.0633848 -0.871063 -1.582 -1.14481 -0.191583 -0.605106 -1.02369 -0.704779 -0.0477245 -0.514405 -0.789128 -0.228377 0.344263 -0.475476 -0.695449 -0.134988 0.39492 -0.335553 -0.427462 -0.256636 0.0466945 -0.37097 -0.512054 -0.455403 -0.119297 -2.07729 -3.14169 -1.62902 0.314421 -4.68405 -7.03838 -3.44422 0.782655 -5.87955 -8.69501 -4.13963 1.01899 -5.37175 -7.83907 -3.59338 1.04822 1.04822 
-0.107917 -0.0923301 0.0684535 0.243485 -0.0803966 -0.00216407 0.159941 0.323694 -0.104086 -0.102707 0.0255897 0.214935 -0.0852302 -0.0936513 0.0350984 0.179518 -0.116975 -0.0377391 0.141796 0.250192 -0.275098 -0.432529 -0.275314 -0.0479868 -0.488872 -1.22601 -1.10475 -0.532623 -0.605688 -1.72222 -1.5517 -0.691488 -0.61393 -1.71229 -1.46611 -0.560753 -0.52722 -1.5192 -1.35146 -0.57145 -0.50192 -1.38176 -1.18911 -0.446681 -0.37319 -1.11271 -0.897638 -0.260542 -0.209389 -0.714437 -0.548586 -0.107251 -0.107251 
-0.298975 -0.670384 0.00403702 0.573699 -0.452311 -0.553277 0.443806 0.963176 -0.409158 -0.40884 0.315161 0.705537 -0.257639 -0.266145 0.111458 0.394819 -0.234792 -0.250032 0.125452 0.40733 -0.204078 -0.405806 -0.0970325 0.32377 -0.172624 -0.817417 -0.672894 0.0713853 -0.199433 -1.17705 -0.849133 0.233255 -1.47644 -2.66985 -1.0621 0.85925 -3.48491 -4.9383 -1.5757 1.53056 -4.5984 -6.22792 -1.95814 1.81316 -4.54878 -6.10189 -1.89959 1.79766 -4.61523 -6.13818 -1.87281 1.87291 1.87291 
-0.108179 -0.0250379 0.0535881 0.168053 -0.0638358 -0.0156619 0.0765659 0.197633 -0.0638358 -0.0734742 0.0395097 0.223964 -0.187546 -0.20331 -0.0716012 0.155932 -0.547714 -0.756168 -0.527435 -0.0867576 -0.96374 -1.40777 -1.06498 -0.413718 -1.31939 -1.76508 -1.38002 -0.715063 -1.55416 -1.75861 -1.30829 -0.769784 -1.47772 -1.43716 -1.04523 -0.731858 -1.03592 -1.01082 -0.647587 -0.429454 -0.790431 -1.1528 -0.703919 -0.172644 -0.831553 -1.52781 -0.949905 -0.0559569 -0.825717 -1.58829 -0.934141 0.0660847 0.0660847 
-0.855299 -1.79057 -1.60191 -0.690269 -0.942431 -2.31152 -2.26625 -1.19149 -0.827281 -2.27133 -2.09638 -0.978548 -0.883269 -2.27404 -1.81859 -0.563685 -0.7767 -2.23485 -1.45554 0.0446632 -0.424642 -1.99113 -1.014 0.619304 -0.332968 -1.94386 -0.835486 0.88632 -0.43045 -1.84564 -0.669495 0.978388 -0.568528 -1.41334 0.0149213 1.76969 -0.667193 -0.0242029 1.8916 2.74151 -0.677246 1.14217 3.4014 2.9164 -0.59611 0.761646 2.31556 1.57754 -0.495337 -0.273374 0.157095 0.21782 0.21782 
-0.155773 -0.0909066 -0.0196237 0.102765 -0.508336 -0.619363 -0.20775 0.365949 -1.07105 -1.46215 -0.655968 0.575383 -1.44984 -2.03966 -1.08288 0.548154 -1.55363 -2.22379 -1.30407 0.409102 -1.52463 -2.16846 -1.34593 0.318036 -1.33696 -1.75833 -1.05182 0.345585 -1.24589 -1.52634 -0.82611 0.43295 -9.84977 -11.107 -6.70958 -1.13337 -26.3828 -29.7352 -17.6985 -3.426 -42.0674 -49.0271 -27.5773 -2.62419 -51.4844 -63.5781 -33.7117 1.5683 -57.8661 -74.7505 -38.9205 4.61756 4.61756 
0.0661311 0.230088 0.186329 0.122998 -0.17653 -0.0558817 0.113171 0.235982 -0.458391 -0.449671 -0.0545158 0.313549 -0.575207 -0.676537 -0.268205 0.223543 -0.478568 -0.590173 -0.308455 0.148138 -0.291528 -0.366269 -0.191216 0.188838 -0.159707 -0.250583 -0.168315 0.173307 -0.185382 -0.323667 -0.168792 0.230118 -0.234821 -0.365498 -0.10773 0.32744 -0.693979 -0.896888 -0.289308 0.469294 -1.23192 -1.48117 -0.5503 0.53178 -1.46898 -1.75289 -0.705361 0.52914 -1.4791 -1.76445 -0.709163 0.542028 0.542028 
-5.99928 -6.7808 -4.30016 -1.03335 -14.8784 -16.7894 -10.0483 -1.98801 -19.2123 -21.7788 -12.0499 -1.33279 -17.9633 -20.2871 -10.7616 -0.805225 -16.9194 -19.0892 -10.2914 -1.04171 -15.6382 -17.7903 -9.73851 -1.06659 -14.8052 -17.1242 -9.18468 -0.61445 -14.4287 -16.959 -9.01618 -0.41767 -10.2097 -12.2646 -6.47996 -0.0925348 -3.94076 -4.94085 -3.19396 -0.624824 -0.337221 -0.677044 -1.39069 -1.12027 -0.282761 -0.673372 -1.30945 -1.00084 -0.325783 -0.682879 -1.11594 -0.774976 -0.774976 
-3.50489 -7.45098 -4.50502 0.688113 -4.82813 -9.62606 -5.2313 1.30107 -4.5366 -8.11851 -3.461 2.20427 -3.66999 -3.10804 3.00728 5.3202 -2.75931 0.930552 8.63427 7.70397 -0.607249 1.68519 8.74758 7.6837 1.60026 0.886981 6.32528 7.1806 1.54508 0.344323 5.59834 7.2793 0.655204 0.314841 5.09547 6.18682 0.215557 0.15107 3.04061 3.64337 -0.108229 -0.369751 0.359252 0.806808 -0.164597 -0.510893 -0.879352 -0.572378 -0.11275 -0.433747 -0.587299 -0.274199 -0.274199 
0.739326 1.37566 0.858914 -0.0759565 0.628664 1.22169 0.830072 -0.0114089 0.514753 1.06549 0.796239 0.0465633 0.564697 1.13387 0.816312 0.0202043 0.642687 1.2464 0.864459 0.00953596 0.639492 1.19123 0.786441 -0.030452 0.472705 0.739502 0.400392 -0.12252 0.289279 0.296597 0.162826 -0.0507875 0.121359 0.170273 0.335206 0.213267 0.0371873 0.270976 0.526526 0.313709 0.0840402 0.358081 0.366107 0.0614846 0.139474 0.312677 0.101285 -0.188229 0.154583 0.24639 0.00396184 -0.241977 -0.241977 
0.382855 0.0908043 1.37358 1.53639 1.21576 0.400943 2.00568 2.4874 0.764984 0.75358 3.30216 3.45784 0.596277 0.927369 3.9408 3.98592 1.19165 1.05073 2.98439 3.10092 1.26527 0.797474 1.34692 1.45529 0.528831 0.270397 0.415105 0.462823 0.0226867 0.0644164 0.243878 0.167893 0.0573916 0.133217 0.233631 0.093229 -0.0496263 0.042891 0.15004 0.0180131 -0.0843025 -0.0141808 0.0578123 -0.0603234 0.0226867 0.0739236 0.090326 -0.0537193 0.121939 0.164381 0.10876 -0.0675082 -0.0675082 
-0.130967 0.810522 1.14187 0.338326 0.315667 0.500225 1.16818 0.996849 0.493648 0.307003 0.802423 0.877552 0.179622 0.333753 0.549793 0.357443 -0.0487274 0.268496 0.113011 -0.239306 0.00609711 0.135858 -0.178749 -0.423892 0.0969014 0.117266 -0.0114377 -0.164859 0.0114089 0.0289997 0.182394 0.102184 0.041018 0.107178 0.318832 0.201989 0.114914 0.248261 0.393919 0.208593 0.0929667 0.200116 0.338166 0.188838 0.0464322 0.13763 0.35763 0.246201 0.114914 0.248261 0.393919 0.208593 0.208593 
0.267726 0.443094 0.152551 -0.187648 0.414283 0.733057 0.405196 -0.115364 0.339515 0.650977 0.450626 -0.0184337 0.254707 0.473546 0.379128 0.0291309 0.205848 0.365978 0.327628 0.0383485 0.196603 0.30214 0.229538 -0.0281008 0.210944 0.243138 0.152391 -0.0465633 0.211843 0.26073 0.161056 -0.0436315 0.282676 0.442644 0.221772 -0.133217 0.313578 0.562842 0.282545 -0.195994 0.224573 0.469744 0.243138 -0.216939 0.172015 0.372843 0.145207 -0.267726 0.161318 0.248421 0.0383485 -0.268307 -0.268307 
-2.35921 -1.3955 -6.69515 -8.13554 -2.8833 -1.00649 -4.43656 -6.10177 -1.56244 -1.01013 -3.70418 -4.4178 -0.465195 -0.506032 -2.92211 -3.37903 -0.602072 -0.118587 -1.26345 -1.90747 -0.919571 -0.181465 0.230555 -0.218681 -0.674693 -0.248234 0.558824 0.415921 -0.195545 -0.0490169 0.40987 0.32805 0.0155307 0.12413 0.360404 0.217519 0.116843 0.222353 0.35779 0.173307 0.117715 0.220451 0.350025 0.167444 0.135568 0.208593 0.238914 0.062777 0.16483 0.189419 0.0572605 -0.108629 -0.108629 
0.101284 0.382641 -0.442355 -1.0002 -0.0427886 0.200247 -0.724057 -1.23151 -0.0234832 0.171986 -0.588807 -1.02482 0.0992238 0.213137 -0.570186 -0.969809 0.224357 0.316452 -0.587008 -1.02775 0.268307 0.453183 -0.442224 -0.990144 0.172727 0.405748 -0.221641 -0.755773 0.107599 0.242557 -0.0638358 -0.456564 0.0633864 -0.012439 -0.122998 -0.307134 -0.0017706 -0.222484 -0.281224 -0.315451 -0.124159 -0.391407 -0.409636 -0.365687 -0.143465 -0.344844 -0.295725 -0.287931 -0.0367651 -0.205081 -0.231496 -0.30172 -0.30172 
0.0917207 0.970493 -1.4632 -3.55908 0.362537 0.35586 -0.647563 -1.11557 0.130895 0.35454 0.221321 -0.159285 -0.0135714 0.457886 0.798635 0.356862 0.103664 0.400072 0.517657 0.172464 0.130735 0.277974 0.238783 0.0144719 0.15226 0.277393 0.278161 0.0844336 0.0582346 0.123971 0.141405 0.0190143 -0.0326161 -0.00612429 0.000476622 -0.0713101 -0.0356039 -0.00689527 0.0219477 -0.0311926 -0.0256185 -0.0202043 0.0648659 0.0558834 -0.104667 -0.151651 -0.0144719 0.0604258 -0.133535 -0.252965 -0.107439 0.0372897 0.0372897 
1.78896 0.729895 2.42464 3.75377 1.70972 1.69122 4.01549 4.18087 0.994448 1.68879 4.05146 3.60106 0.853829 1.7077 3.41063 2.74002 0.989807 1.23428 1.59325 1.103 0.682252 0.782554 0.579646 0.159549 0.38531 0.610697 0.30172 -0.179911 0.350025 0.565905 0.19354 -0.283838 0.291921 0.555817 0.202916 -0.307686 0.237884 0.511445 0.264214 -0.216358 0.182712 0.38309 0.189287 -0.189419 -0.0134978 0.0223956 -0.0951868 -0.2588 -0.159127 -0.229189 -0.26073 -0.28735 -0.28735 
0.80142 0.856187 1.53889 1.3319 0.498539 0.836142 1.1723 0.740533 0.41431 0.832919 0.532156 -0.0866249 0.342653 0.646404 -0.128702 -0.742304 0.0178243 0.26176 -0.525103 -1.02434 -0.143334 0.119617 -0.403483 -0.823223 -0.019942 0.252514 0.0274642 -0.33975 0.0890049 0.257639 0.059714 -0.23305 0.176108 0.319123 -0.0455045 -0.399173 0.277393 0.448639 0.0383485 -0.390115 0.263952 0.444125 0.122389 -0.288091 0.264401 0.480572 0.202336 -0.234792 0.291763 0.538805 0.294085 -0.169664 -0.169664 
4.21489 3.97298 6.11853 5.78746 1.39459 0.711346 1.37769 1.70343 0.102952 0.365978 0.356338 0.0221061 0.0897454 0.364337 0.402845 0.0728936 0.183162 0.494332 0.436547 0.0221061 0.174366 0.486276 0.423659 0.00776536 0.142753 0.433878 0.415153 0.0370274 0.0668988 0.164961 0.1928 0.0289725 0.0368962 -0.0602946 -0.0167943 0.0226579 -0.0165608 -0.167341 -0.0818201 0.0246908 -0.0806589 -0.198345 -0.0671611 0.0277825 -0.118876 -0.242557 -0.033515 0.107701 -0.930916 -1.49077 -0.594492 0.359794 0.359794 
-0.999255 -0.0553875 -0.288745 -0.95208 -0.664868 0.260468 0.276915 -0.394835 0.347326 0.125292 0.090937 0.142825 0.49732 0.404747 0.587675 0.525757 -0.00783891 0.527977 1.03935 0.643371 -0.268859 0.24623 0.87462 0.590362 -0.0860459 0.0552292 0.415631 0.34284 0.202149 0.296697 0.261892 0.0621964 0.249611 0.462559 0.374351 0.0635176 0.133086 0.339459 0.402002 0.173888 0.00673531 0.352638 0.325118 -0.00499351 -0.23099 0.290122 0.335815 -0.0715148 -0.368748 -0.0387692 0.262255 0.112984 0.112984 
0.237217 -1.16944 -6.972 -6.97166 -2.14667 -0.767924 -4.5019 -6.00441 -2.11297 -1.02653 -3.72402 -4.76761 -1.05854 -1.10046 -3.68283 -3.97135 -0.465064 -0.655521 -3.13247 -3.45633 -0.329296 -0.122069 -1.42295 -1.90943 -0.266911 0.0695107 0.116863 -0.220902 -0.0411956 0.269817 0.788763 0.536643 0.11394 0.495783 1.04931 0.72474 0.224471 0.569998 1.00013 0.647144 0.146003 0.284578 0.577979 0.377807 0.100151 0.112272 0.320313 0.212686 0.114652 0.119007 0.306843 0.198027 0.198027 
-0.0909898 -1.04699 -2.08365 -1.56708 0.104667 0.343523 0.128543 -0.221641 0.0577099 0.309878 0.131053 -0.205399 -0.000449444 0.179723 0.0592934 -0.186356 0.0224244 0.168925 0.0420481 -0.187546 -0.0117272 0.110922 0.0204954 -0.167181 0.0779142 0.196445 0.0700177 -0.146265 0.14901 0.219682 0.094579 -0.0937073 0.247578 0.328472 0.144101 -0.0960585 0.24623 0.384803 0.155932 -0.15168 0.140982 0.303564 0.109819 -0.183873 0.0779142 0.196445 0.0700177 -0.146265 0.14901 0.219682 0.094579 -0.0937073 -0.0937073 
1.23683 1.13516 2.26744 2.22601 0.517667 0.978417 2.42617 2.17522 -0.044041 0.734407 2.28423 1.93621 0.102719 0.558749 1.39233 1.1115 0.542825 0.53136 0.426357 0.222905 0.597836 0.516699 0.123636 -0.0942879 0.322664 0.371363 0.227083 0.0236607 0.0967702 0.129545 0.287379 0.220582 0.177747 0.171276 0.23675 0.152494 0.243878 0.278684 0.276842 0.102896 0.196341 0.275783 0.315057 0.115466 0.0937073 0.176239 0.304651 0.16203 0.102053 0.187067 0.293823 0.145338 0.145338 
0.441877 0.384672 -0.697801 -1.09452 0.213558 0.386734 -0.285768 -0.746715 0.158967 0.345482 -0.0771465 -0.472676 0.201539 0.347645 -0.118005 -0.496684 0.0793378 0.366267 -0.0149213 -0.460789 -0.0601635 0.279004 0.176791 -0.205951 0.0392474 0.267175 0.336396 0.0595829 0.235401 0.359663 0.351926 0.0878149 0.402452 0.620945 0.440669 0.00847711 0.390724 0.65533 0.489396 0.0281008 0.251382 0.448959 0.412539 0.0813707 0.211262 0.324537 0.305101 0.0610352 0.332752 0.430205 0.312417 0.0179843 0.0179843 
-0.201635 -0.375905 -2.621 -3.03392 -0.149573 -0.193643 -1.50299 -1.83386 -0.00192893 0.279745 -0.120545 -0.557007 0.273488 0.703215 0.742042 0.210364 0.405993 0.734697 1.09458 0.690064 0.320791 0.533871 1.05018 0.810175 0.214644 0.417504 0.670787 0.420146 0.191189 0.400943 0.303461 -0.0250379 0.16425 0.323216 0.199535 -0.0812395 0.227505 0.362305 0.169982 -0.113462 0.297148 0.441323 0.180652 -0.12429 0.240075 0.387924 0.127672 -0.155323 0.153552 0.282676 0.073343 -0.173176 -0.173176 
0.0103789 -0.046405 0.158359 0.0983521 0.164989 0.0813995 -0.138865 -0.311198 -0.0404086 0.224544 0.111504 -0.282227 -0.315713 0.399782 0.590333 -0.0287838 -0.276624 0.356151 0.584759 0.056971 0.0320627 0.217388 0.340359 0.0999915 0.300136 0.300821 0.338353 0.168024 0.311387 0.46459 0.625676 0.365208 0.275708 0.464621 0.654385 0.386124 0.213745 0.338718 0.422947 0.191901 0.138051 0.173888 0.118876 -0.0566799 -0.0461139 -0.112272 -0.117237 -0.139661 -0.072313 -0.135539 -0.135699 -0.148748 -0.148748 
