-0.198692 -0.370941 -0.818476 -0.678786 
-0.315536 -0.512374 -0.733883 -0.485695 
-0.39524 -0.64244 -0.64086 -0.268336 
-0.317858 -0.550592 -0.497901 -0.137919 
-0.223543 -0.398461 -0.377067 -0.0890049 
-0.252674 -0.424079 -0.298919 0.0336461 
-0.163669 -0.269366 -0.145207 0.0992238 
-0.267782 -0.50593 -0.333042 0.058684 
-22.7769 -37.9248 -27.9559 -8.80068 
-59.5916 -99.0488 -73.1235 -23.3931 
-81.7662 -135.807 -100.306 -32.2244 
-81.6551 -135.601 -100.139 -32.1647 
-81.5356 -135.422 -100.012 -32.1402 
