-0.275071 -0.77592 -0.509863 0.0519487 
-0.119063 -0.519661 -0.37303 0.0305832 
-0.0382174 -0.279585 -0.252093 -0.0436315 
-0.192088 -0.548792 -0.462906 -0.121648 
-0.347702 -0.841368 -0.656867 -0.152682 
-0.368487 -0.834792 -0.596283 -0.0995421 
-1.69198 -2.83046 -1.58235 0.143334 
-4.0584 -6.44377 -3.28625 0.723448 
-5.59603 -8.73381 -4.37995 1.02891 
-5.77423 -8.94824 -4.44859 1.05681 
-5.54136 -8.49705 -4.13937 1.07241 
-4.95879 -7.42434 -3.42942 1.14404 
-4.51104 -6.65319 -3.01988 1.07231 
