-0.137339 -0.162741 -0.235139 -0.177663 
-0.252412 -0.335468 -0.278059 -0.0952619 
-0.172306 -0.175601 -0.0585816 0.0811372 
-0.0848079 -0.0316148 0.0597892 0.144364 
-0.0231089 0.0384061 0.0929667 0.13969 
-0.0395657 -0.0434732 0.0309766 0.133086 
-0.399126 -0.528794 -0.163359 0.218793 
-1.0841 -1.47374 -0.669377 0.195397 
-1.36989 -1.93054 -0.953298 0.114372 
-1.14754 -1.77044 -0.964415 -0.00498229 
-0.865574 -1.41796 -0.784157 0.000300711 
-0.774667 -1.33836 -0.767494 -0.0107147 
-0.777572 -1.33627 -0.772561 -0.0330831 
