0.0814266 0.076857 0.123766 0.222934 
-0.0181714 -0.0593222 -0.0894543 0.0311638 
-0.0206266 -0.0863626 -0.161711 -0.0405398 
0.0133107 -0.095609 -0.148138 0.00422416 
0.0752448 -0.0130484 -0.0598452 0.0567822 
-0.46104 -0.773816 -1.75365 -1.51956 
-1.00353 -1.68199 -3.82752 -3.34455 
-0.865088 -1.65353 -4.33911 -3.84804 
-0.374129 -1.06526 -3.14353 -2.71467 
-0.273048 -1.03478 -2.13348 -1.45543 
-0.0302745 -0.938483 -1.81184 -1.02338 
0.0983425 -0.86198 -2.22514 -1.56075 
-0.0671164 -0.894721 -1.87937 -1.21667 
