-0.122998 -0.061747 -0.118614 -0.0671323 
-0.155773 -0.0652594 -0.125959 -0.0766395 
-0.191058 -0.20167 -0.0880308 0.131213 
-0.427545 -0.84314 -0.70019 -0.210205 
-0.707554 -1.49867 -1.58958 -1.0508 
-0.72446 -1.60514 -1.92025 -1.50898 
-0.710251 -1.46226 -1.72573 -1.40241 
-0.873733 -1.49793 -1.63538 -1.26388 
-0.922356 -1.41643 -1.47718 -1.14474 
-0.797167 -1.26256 -1.24936 -0.915048 
-0.504796 -0.885522 -0.826777 -0.503622 
-0.0117272 -0.0781494 -0.1586 -0.0922006 
0.148561 0.214688 0.100124 0.0461139 
