0.0466945 -0.0297403 -0.125583 -0.0262279 
-0.111616 -0.344745 -0.253178 0.0294492 
-0.696116 -1.34415 -0.900066 -0.0633848 
-0.871063 -1.582 -1.14481 -0.191583 
-0.605106 -1.02369 -0.704779 -0.0477245 
-0.514405 -0.789128 -0.228377 0.344263 
-0.475476 -0.695449 -0.134988 0.39492 
-0.335553 -0.427462 -0.256636 0.0466945 
-0.37097 -0.512054 -0.455403 -0.119297 
-2.07729 -3.14169 -1.62902 0.314421 
-4.68405 -7.03838 -3.44422 0.782655 
-5.87955 -8.69501 -4.13963 1.01899 
-5.37175 -7.83907 -3.59338 1.04822 
