-0.108179 -0.0250379 0.0535881 0.168053 
-0.0638358 -0.0156619 0.0765659 0.197633 
-0.0638358 -0.0734742 0.0395097 0.223964 
-0.187546 -0.20331 -0.0716012 0.155932 
-0.547714 -0.756168 -0.527435 -0.0867576 
-0.96374 -1.40777 -1.06498 -0.413718 
-1.31939 -1.76508 -1.38002 -0.715063 
-1.55416 -1.75861 -1.30829 -0.769784 
-1.47772 -1.43716 -1.04523 -0.731858 
-1.03592 -1.01082 -0.647587 -0.429454 
-0.790431 -1.1528 -0.703919 -0.172644 
-0.831553 -1.52781 -0.949905 -0.0559569 
-0.825717 -1.58829 -0.934141 0.0660847 
