0.0661311 0.230088 0.186329 0.122998 
-0.17653 -0.0558817 0.113171 0.235982 
-0.458391 -0.449671 -0.0545158 0.313549 
-0.575207 -0.676537 -0.268205 0.223543 
-0.478568 -0.590173 -0.308455 0.148138 
-0.291528 -0.366269 -0.191216 0.188838 
-0.159707 -0.250583 -0.168315 0.173307 
-0.185382 -0.323667 -0.168792 0.230118 
-0.234821 -0.365498 -0.10773 0.32744 
-0.693979 -0.896888 -0.289308 0.469294 
-1.23192 -1.48117 -0.5503 0.53178 
-1.46898 -1.75289 -0.705361 0.52914 
-1.4791 -1.76445 -0.709163 0.542028 
