0.101284 0.382641 -0.442355 -1.0002 
-0.0427886 0.200247 -0.724057 -1.23151 
-0.0234832 0.171986 -0.588807 -1.02482 
0.0992238 0.213137 -0.570186 -0.969809 
0.224357 0.316452 -0.587008 -1.02775 
0.268307 0.453183 -0.442224 -0.990144 
0.172727 0.405748 -0.221641 -0.755773 
0.107599 0.242557 -0.0638358 -0.456564 
0.0633864 -0.012439 -0.122998 -0.307134 
-0.0017706 -0.222484 -0.281224 -0.315451 
-0.124159 -0.391407 -0.409636 -0.365687 
-0.143465 -0.344844 -0.295725 -0.287931 
-0.0367651 -0.205081 -0.231496 -0.30172 
