0.550556 1.48677 3.47412 2.92342 
0.271016 1.27147 2.80585 2.23722 
0.671424 0.713914 1.19682 1.1495 
0.736861 0.295957 -0.190943 -0.0585816 
0.272109 0.162349 -0.623109 -0.730604 
-0.125189 0.0913273 -0.326337 -0.555947 
-0.0846208 0.0328032 0.0109595 -0.0904572 
0.0667676 -0.0380574 0.0477245 0.102156 
0.127353 -0.0193342 -0.0184337 0.0245884 
0.0698306 -0.0930979 -0.097482 -0.0322226 
-0.105566 -0.285739 -0.205399 -0.0411492 
-0.156775 -0.276493 -0.171697 -0.0256185 
-0.128252 -0.125162 0.0684823 0.120618 
