0.195863 0.388607 -0.549083 -0.99682 
0.0798912 0.202758 -0.22299 -0.444605 
0.013413 0.0907467 -0.391305 -0.516728 
-0.0356327 0.156644 -0.774976 -1.07561 
-0.0459364 0.0679 -1.02842 -1.31217 
-0.0814842 -0.103766 -1.1657 -1.34746 
-0.0540952 -0.0459539 -1.02868 -1.25494 
-0.0538041 0.0229474 -0.628186 -0.846519 
-0.146977 -0.114435 -0.292793 -0.361144 
-0.0967702 -0.0447927 -0.026359 -0.0853325 
0.12371 0.28616 0.17698 -0.0628058 
0.216096 0.432107 0.295594 -0.0143407 
0.129124 0.328602 0.277843 0.033515 
