-0.652194 0.524634 1.38982 0.483294 
0.0583193 0.244909 0.850089 0.7792 
0.0722106 0.319544 0.717004 0.553915 
0.116712 0.311649 0.406545 0.203179 
0.148879 0.271079 0.0670588 -0.150621 
0.122969 0.261282 -0.0980626 -0.347805 
0.103795 0.297148 -0.0408309 -0.330372 
0.104217 0.300501 0.00554531 -0.297017 
-0.0995709 -0.0868136 -0.26205 -0.334045 
-0.113566 -0.0931986 -0.223487 -0.284418 
0.144599 0.364728 0.143858 -0.171434 
0.177879 0.419508 0.178619 -0.181073 
-0.0920678 -0.0578123 -0.146528 -0.233631 
