-0.345623 -0.34136 -1.57317 -1.75865 
-0.315275 -0.331954 -1.44486 -1.59292 
-0.133489 -0.179041 -1.15654 -1.3201 
-0.0965367 -0.120749 -0.770011 -0.916641 
-0.298394 -0.323928 -0.522518 -0.531229 
-0.383277 -0.430917 -0.346991 -0.250903 
-0.23424 -0.283809 -0.216227 -0.158386 
0.0526892 0.115785 0.0909066 -0.0328032 
0.113144 0.21736 0.218841 0.054431 
-0.0270708 -0.0166631 0.0667676 0.0197549 
-0.11098 -0.195413 -0.0872631 -0.0475934 
-0.254763 -0.456856 -0.289888 -0.109369 
-0.347965 -0.616953 -0.43652 -0.177879 
