-0.455658 -0.341605 -3.70961 -4.65605 
-0.0151197 0.0852477 -2.71446 -3.38101 
-0.0434828 -0.105014 -2.06023 -2.37307 
-0.312502 -0.476666 -1.33782 -1.21974 
-0.49851 -0.666477 -0.726221 -0.403061 
-0.360722 -0.420567 -0.209305 0.0492792 
-0.186674 -0.163858 0.0890337 0.285973 
-0.110793 -0.078466 0.247345 0.482416 
-0.0560705 0.0120919 0.36165 0.58077 
-0.2653 -0.285348 0.0726329 0.384906 
-1.91927 -2.89543 -1.38297 0.431368 
-4.14524 -6.39697 -3.06593 0.895349 
-5.32419 -8.27872 -3.86939 1.28798 
