-2.42238 -0.00359082 -3.85165 -6.66484 
-1.12713 -0.136409 -3.23319 -4.47435 
-0.061723 -0.491037 -4.06577 -4.30732 
0.233196 -0.114491 -3.03183 -3.3678 
0.0374705 0.137673 -0.898086 -1.17265 
0.0770425 0.262923 0.222147 0.0759565 
0.101735 0.338109 0.203788 -0.0328032 
0.15123 0.43501 0.257376 -0.0535881 
0.0701489 0.248263 0.20997 0.0340956 
0.0431821 0.157777 0.216227 0.116047 
-0.0466945 0.0430221 0.189897 0.150752 
-0.0897166 -0.0557794 0.0288686 0.0169254 
-0.0023512 0.0601347 0.0424991 -0.0667676 
